711
418
122
72
733
201
128
787
716
635
321
853
2
776
206
85
703
244
811
61
22
28
389
764
74
620
477
408
441
572
378
979
802
44
697
110
318
652
879
281
16
512
42
156
306
50
829
101
657
574
322
114
24
985
150
232
804
903
140
293
256
366
86
384
90
489
721
248
60
676
973
67
902
579
436
882
58
847
146
374
62
813
396
185
823
94
895
398
386
818
317
653
190
541
553
118
225
194
9
164
166
706
34
83
750
717
68
865
768
875
168
130
877
372
262
204
169
136
92
878
56
473
380
375
809
610
12
144
113
735
10
497
20
214
628
654
14
184
108
866
30
933
106
827
457
338
944
412
95
1000
510
182
831
740
660
999
774
691
54
487
846
301
971
326
180
601
1
344
240
642
145
337
743
97
581
710
84
946
573
63
793
644
714
490
578
694
446
364
401
922
444
336
955
626
928
202
314
388
438
736
919
538
143
939
503
288
264
210
777
795
81
348
112
475
88
290
695
863
343
456
309
284
569
500
120
524
132
808
358
645
712
586
463
368
53
952
362
406
142
272
25
454
598
422
522
819
820
298
174
258
571
332
126
513
360
849
954
887
192
356
860
950
346
837
268
359
585
382
19
834
200
688
525
276
198
324
814
342
216
390
632
469
52
785
383
49
649
718
602
701
236
393
64
453
149
916
220
312
69
828
770
5
742
552
759
420
517
251
308
87
825
646
365
978
4
327
310
593
252
464
100
357
226
243
197
901
749
352
153
350
116
179
543
516
66
416
402
757
36
975
938
376
70
680
242
31
508
151
172
23
801
669
997
17
780
496
698
709
526
509
270
261
96
739
417
370
304
528
899
923
564
442
692
177
152
404
37
554
188
782
18
495
425
558
930
803
165
448
103
687
582
589
328
686
486
670
162
734
148
504
614
659
217
562
141
534
47
951
607
566
33
111
838
241
529
600
428
807
334
159
385
167
926
488
651
890
906
833
300
405
929
852
123
514
354
502
38
466
789
613
599
407
848
520
839
545
400
472
909
542
40
255
181
702
289
485
905
822
392
690
755
618
693
592
450
377
41
199
540
157
250
548
426
622
115
580
533
494
186
752
658
612
48
591
708
492
806
682
817
816
957
892
89
369
796
91
246
596
229
800
133
530
478
679
311
587
294
842
995
859
609
544
648
493
754
295
568
634
732
868
506
681
273
664
32
637
285
532
993
183
189
650
57
269
424
379
845
355
925
549
794
947
353
570
561
77
238
720
560
175
121
678
434
910
39
788
482
624
218
395
476
744
667
696
987
942
78
435
462
641
399
966
403
684
886
704
790
129
963
584
222
565
672
427
196
719
105
726
606
173
315
640
856
29
898
259
316
319
867
608
722
421
325
499
170
99
98
949
998
539
812
756
283
501
921
636
883
373
546
621
830
413
341
656
965
313
981
339
117
639
55
765
781
323
296
761
205
668
345
235
841
433
498
864
908
745
594
195
556
904
439
976
937
727
208
784
889
870
969
983
557
125
805
810
850
3
773
535
746
989
738
555
260
257
576
713
567
27
872
147
465
443
625
479
762
7
480
948
158
894
551
431
452
45
683
227
689
161
674
119
367
191
724
730
414
277
858
970
440
279
935
331
893
349
967
663
590
936
666
960
677
772
76
881
274
851
766
974
124
171
515
786
927
835
799
107
237
673
638
135
102
297
228
861
371
917
254
631
758
429
104
459
80
537
447
854
961
131
729
824
992
79
723
523
984
643
918
747
630
519
907
844
521
207
629
956
468
982
588
767
940
661
633
792
597
826
109
968
445
675
451
880
409
505
230
223
209
527
224
991
176
771
996
615
26
271
430
932
741
387
458
900
278
751
604
603
239
73
340
913
134
265
234
986
302
419
212
291
82
335
665
43
432
874
329
623
461
605
470
507
931
980
671
627
330
897
821
187
320
213
215
411
410
964
832
595
160
127
415
655
51
397
280
914
282
221
437
888
249
617
471
912
836
962
178
884
779
305
8
896
873
753
953
575
840
737
843
934
977
797
728
247
924
920
725
363
862
958
138
563
263
481
449
972
21
699
707
871
286
193
577
155
511
11
93
911
267
71
46
211
484
361
798
423
266
705
6
619
647
815
616
990
559
275
13
139
394
994
959
915
769
137
154
763
869
611
381
59
855
775
536
35
292
943
778
467
662
783
760
299
460
685
700
303
550
988
347
531
15
203
253
715
945
791
748
219
474
333
391
287
941
245
885
483
583
731
65
891
351
163
75
491
857
231
518
455
876
233
547
307
