986
1198
4910
2052
1277
494
8657
1921
3092
164
5340
3428
760
3230
5266
2265
6775
4553
9133
6997
8313
4310
5973
8993
4955
4186
4576
4369
9401
2153
4662
322
1020
5957
648
8327
6265
5995
9305
2526
1447
4573
446
46
1805
4469
7414
7109
3009
5367
2359
492
9375
884
328
9777
4077
3964
3350
92
6888
8737
5826
84
2402
158
4416
6138
6426
504
5235
146
8964
5716
6130
284
596
1917
7810
5798
108
256
696
2466
8926
2222
28
4457
134
2515
9178
9120
7666
7790
8035
110
6238
4462
7058
184
6393
7617
855
1169
8249
1450
9191
7132
5390
9570
9674
4534
214
714
6630
8630
7369
8835
890
5321
3646
9669
3174
5368
7677
1262
710
7819
270
2727
8815
5303
8742
6591
6334
668
614
1916
264
6908
2373
5526
7396
5708
200
190
3730
8320
9939
6886
5436
9955
3628
3754
7034
370
1948
577
76
3716
3788
4382
2008
1212
5996
3290
1734
6058
224
6983
1572
6476
298
7898
6705
1946
5333
1237
958
7986
5625
7639
2238
9350
5257
9905
1080
5513
2086
312
2681
462
5335
6666
9310
2114
2822
9509
2442
5774
9763
5569
4409
3259
8670
368
5650
8631
7361
4034
2980
6346
5554
1082
6217
3391
3729
9093
1160
7761
9966
1290
5570
3400
7165
6933
3001
6802
5562
232
1210
3904
6800
526
5648
282
566
3193
8987
248
1682
1637
1959
1876
3250
1022
4250
8108
662
1621
2606
3886
156
3209
3107
5023
9889
1380
3812
4529
3028
1810
3597
3922
876
9869
1550
8551
4480
153
2039
5565
8568
8181
6453
4822
2760
1204
1280
7510
8412
4233
8082
3802
2094
9141
48
5267
7614
2367
6818
320
2957
8039
4324
6542
5196
9917
2713
3116
1266
730
306
1402
8331
7037
8453
1513
106
690
1350
4068
1828
3152
9644
628
1446
9782
310
1174
2305
678
3526
8555
130
5542
244
5675
1188
8709
40
9118
5201
1501
9945
8345
8663
454
1630
1493
4210
1684
6769
2646
3248
7537
2382
5717
8361
2671
4222
7107
4434
9830
562
2922
694
9271
6806
4302
7729
2170
398
574
3790
2845
9337
412
2633
2970
8617
1809
3485
5489
1374
528
5776
1288
1981
8079
2818
7669
1913
1730
4992
7035
545
856
4752
6119
2622
490
684
5606
1632
2330
1789
2406
6199
5781
364
3226
142
9542
9535
2064
4037
410
6253
1190
8859
8784
1390
8034
1636
9657
6512
7929
4108
9963
5351
3711
904
3201
52
1868
7193
8873
8925
9642
3282
9286
5544
682
9409
8067
9650
2774
2292
5603
416
9707
1172
2112
1118
816
210
5070
8319
1208
218
7057
848
4761
734
3175
3246
3582
3431
500
3792
5697
132
9856
1588
8714
120
7759
2678
1986
5002
9487
5236
516
8493
1282
6461
3346
7912
3706
4676
3944
3921
4282
2793
814
3817
5985
2375
4111
5091
9686
2412
1328
5453
953
2144
5693
4473
8289
2892
3907
906
612
5654
1344
6741
9883
5022
2564
1414
9662
4085
1532
3949
8346
1068
3306
2217
6065
1502
794
1870
602
5377
9717
2902
9577
476
9630
9359
6398
1151
8844
4153
1240
7233
349
4813
2100
10
8698
333
6086
7478
1012
1410
3650
2346
2390
138
776
8599
4744
9954
3858
5017
1010
6975
2616
3186
3381
6431
2266
4321
4459
2798
4865
62
3777
5461
8743
5240
9156
6313
4759
314
7437
7822
4633
572
3126
6
2129
2004
1384
9483
2758
3367
9054
7977
650
2629
6142
4757
7269
4084
1701
578
1448
2917
636
8469
3015
8260
2598
8770
3088
9179
1018
1794
5016
1454
9303
9235
9455
7555
7967
9121
1790
3696
7749
1998
784
4970
1725
3254
1376
1365
8609
981
3481
5676
1880
1318
3210
3278
8706
9427
1084
1524
1000
24
6258
5495
8995
7027
6938
8567
2334
9820
1653
4741
7601
3208
6951
3296
5169
8679
792
3264
5168
8348
7901
517
9418
7254
3089
468
9260
2652
5698
212
5154
1510
7098
9671
8069
6796
752
4448
8527
3221
3882
1098
9249
3969
4470
498
3848
8027
954
6730
1130
1002
4956
41
8686
7833
9627
2934
8606
546
740
4165
5378
7314
7344
7159
8738
2229
1086
1530
6153
564
9655
2342
5372
7475
2663
2335
1492
5418
2408
486
8653
806
2648
2706
57
2714
6706
6638
934
8120
5101
1640
3197
9018
3500
7029
2941
5701
1609
8718
6683
1597
5692
241
8127
6816
4360
178
2253
4696
5325
4680
1936
9250
5401
774
6640
2184
1030
1777
417
5210
3954
914
4058
873
2440
407
7141
2241
3825
304
617
4300
7971
6343
4916
2457
1744
7922
5132
9125
5611
7602
6267
686
8128
2630
8641
3977
1090
2370
3614
1444
2918
8898
838
1764
3516
3774
4063
2325
8036
7102
1154
8033
8494
2664
1420
6685
9810
4519
1050
170
9987
6753
7805
9106
1468
1060
3849
6616
6493
1464
1297
1153
1957
12
1166
708
8415
2704
8680
7429
872
9937
6189
930
1458
706
6885
716
5498
2501
928
7829
3638
6557
5608
3168
1156
6309
1181
9623
5586
4184
5865
8354
878
3607
3268
1602
1102
2844
6270
1658
2712
7425
8587
8248
6598
72
8885
942
2480
7301
5137
1714
2471
4447
2268
1200
900
1324
8239
3783
4026
42
1032
6328
3554
7476
1213
1146
8406
4449
8295
4774
940
442
7843
6670
944
3004
6209
5677
2176
630
2506
4158
9865
4567
964
2498
7655
586
5310
2596
3769
4785
313
9027
4138
2930
1570
3473
5534
3369
6803
1866
984
5752
9203
537
4414
7733
1111
3594
9413
2192
6170
5448
7779
4848
623
7554
1236
720
2748
6840
9733
5471
3953
766
6492
2468
9527
6124
6988
9175
7807
5160
6084
7337
2610
148
2533
9422
6172
2641
8851
198
1922
7944
4803
2210
1006
9774
4095
2644
6433
1555
9973
2744
4710
886
1072
6035
6497
800
1518
6634
6523
2284
1770
6311
3108
1349
2398
6501
4330
756
8781
993
1832
3386
3713
8858
697
2546
9464
4566
1685
5898
4794
6473
3053
1116
1536
7934
2968
426
5952
4954
2570
1932
6051
1710
3637
6869
8007
4902
1740
1894
1285
8809
5044
342
1404
604
7009
168
2138
3746
5582
2676
9725
2511
7153
2294
8167
2886
2142
8193
2044
6397
5991
1878
1352
26
8819
8197
9215
1660
1152
2885
1286
2356
7675
2189
8570
5384
7914
8489
1180
2550
865
380
1088
5126
7274
1260
9808
1336
1168
5939
3795
100
2674
8943
9754
9039
4967
460
2656
554
7443
470
6851
8352
6939
7481
5592
8933
8963
7385
1554
5261
801
1564
8446
5516
8965
2872
7485
3530
8251
2722
2306
4802
6348
6587
3686
7995
2778
1662
6919
742
1009
6982
2076
4245
7118
6088
9603
2240
4016
9485
9741
4631
3602
8661
4669
918
7461
568
1158
6985
685
6833
7444
9208
1853
8325
7625
6762
4098
1233
8889
5173
1561
9353
1186
2053
1222
8573
7591
7305
6062
5090
2969
8427
5293
2430
9155
5426
7200
1649
1968
6940
3796
5392
4154
3850
1732
1178
1326
688
2893
5362
1340
7855
6853
5067
7746
3654
4238
4481
1407
6402
1972
6435
4405
4094
6197
1114
3023
5982
6966
2982
5440
5497
6524
718
3003
2841
4896
4690
5494
2540
3424
436
1504
6442
7763
2873
1417
5945
541
6866
1268
5983
3694
374
3178
1970
1902
1034
3877
8812
2337
9451
1322
736
4900
2036
7394
1246
1418
3608
4492
5150
957
4188
7178
2025
5596
1584
3376
8879
573
5892
1592
8569
1373
932
7363
868
3374
2446
2508
8821
2621
6771
2688
4760
9933
3857
8101
5328
1542
3228
9103
5637
3313
9555
2058
8218
5832
3416
2588
2322
4030
6530
6817
268
8353
5123
1606
2829
6815
6202
2718
9798
3212
3022
7766
5220
1053
2812
2776
1224
1690
4930
8119
3396
2288
744
3916
6659
1456
7202
7567
4498
1462
1316
1909
1796
5237
9738
9475
2954
2101
8662
7780
6314
4053
3422
5662
6732
69
9718
1928
1078
4577
3546
5937
5506
7445
7513
7762
677
5304
1305
4329
8677
917
6950
4232
972
2381
3738
2332
7315
9377
8780
1829
2415
1594
1802
8025
7858
2300
7134
1780
6201
2130
7010
8618
7183
317
362
4212
2800
8055
86
2448
2188
7905
6517
2270
1604
4156
6069
5764
888
9767
22
1900
1377
5817
7681
1520
1933
6041
5190
2200
6737
1750
9204
2820
2697
6911
5485
4733
9482
2938
4390
7741
5819
1482
1416
5045
6621
2102
5619
6599
6847
1804
8517
1528
1938
7150
2871
2768
9109
8486
2832
6254
9394
3630
1522
2904
7235
7002
5414
1704
4017
1716
2898
315
1194
1460
7979
7542
9300
9045
245
7575
1500
3057
966
2252
3900
2090
7341
4078
318
5779
9834
3542
990
2936
2445
2377
3549
5320
278
3066
8088
4654
542
2696
540
7144
1934
271
8138
9246
2505
8549
1785
8936
2348
6785
9843
4355
5455
3393
8047
1969
1325
3941
4072
2554
7455
5337
3890
5369
9219
6718
9281
3014
4220
1718
5613
3298
1128
1966
2202
3180
1361
8177
8266
6459
2865
6777
7883
1457
1897
3061
6444
9244
2661
7774
8307
5278
543
3258
1117
4422
9684
3046
506
2276
5470
5640
896
8144
4827
5238
5786
9498
5205
1892
8262
6930
3700
3144
2110
7290
629
3642
6499
9397
9537
2690
6553
9283
713
3349
822
7006
1696
2313
8231
6469
4169
2230
1822
2120
6386
7996
1265
8903
8866
3672
2258
513
8806
3442
5777
4064
7785
2028
8612
4536
3992
3096
8934
1940
6123
6324
9845
999
478
4293
3084
1898
2128
7621
50
1844
5313
4582
1848
6047
1014
2636
2613
1858
5911
8658
912
9902
7331
6961
1498
9403
6646
8981
2946
8887
5686
2534
1526
9138
2006
1768
6955
7974
1245
2328
1004
3340
5926
3870
4421
4262
6046
6729
9823
1269
93
8920
5001
2906
6372
1920
493
1229
9730
1733
1540
2383
1438
7182
3054
9731
4162
4425
2050
4173
488
4636
1666
7544
1756
3336
6232
1838
114
5557
1624
2078
330
4333
405
4213
5110
1888
998
5729
208
9031
2205
4753
9837
1988
530
7516
7813
3818
9182
6964
3440
8358
582
3645
3085
2074
487
2216
7978
6596
4596
6074
5324
4474
2901
8096
8133
1846
5109
3076
3151
9863
9693
2389
1686
3896
3934
5134
3924
3160
6905
2814
8850
8423
4722
3965
3477
7018
3266
5459
3950
8042
7338
5363
5827
8382
464
4997
9953
5868
1466
1521
845
4129
8509
8765
2150
2518
1824
6359
4200
8725
7374
1133
6893
9051
9501
7933
7887
9677
1582
9967
160
9419
3455
8969
1700
4002
982
3094
388
9927
501
9711
4653
4046
2232
1960
9333
1956
1140
5816
5449
8481
5066
8305
4253
7082
8017
3482
352
2454
4021
5940
3277
6862
112
3548
5518
1926
2947
7976
3887
9225
7583
7080
9011
7767
2199
2134
3799
7473
2140
8916
8735
8199
9766
321
7845
2932
948
4953
3394
6724
809
4556
5422
4028
860
3150
2870
1199
1312
2146
9379
8099
4978
4884
920
7217
4008
529
6165
5234
5481
3701
9593
3644
5198
4348
6230
2637
5568
8985
1112
1942
2972
2246
5791
2360
1432
2754
5375
3986
3678
2434
2002
5159
4792
8775
2897
4528
6428
6104
9355
4309
2062
7287
3946
3868
2940
4510
6277
2672
7634
7777
7223
8132
9002
8005
4609
9173
7220
61
6190
5176
5874
9571
1581
5891
2361
5770
2242
2474
4738
3952
4359
8727
7345
6310
372
3225
4925
5587
82
4367
418
4271
2254
6316
9339
6843
3771
2856
5737
765
7497
8931
8310
1393
8899
2974
2206
3146
8619
6102
1216
4879
1742
3832
206
6757
6845
1759
4490
5550
7850
2964
7302
477
252
1295
8642
4646
9522
3274
9102
1719
1996
6408
520
7910
6026
2933
6836
4913
633
5119
1372
2958
3098
3356
2326
6937
1125
3020
1358
3793
7189
2416
2861
2040
3742
7257
2925
6812
6792
2424
5629
3002
9154
3288
9530
7962
9904
2520
7041
7309
2878
2650
266
3798
1026
3865
6145
2556
6554
4952
4588
6963
1840
2605
4734
2151
1296
8646
2609
5622
7857
8966
9238
4378
2780
4578
5705
3366
1469
4308
7687
1741
1110
5578
5669
7935
3373
5560
8921
1353
5906
3347
1048
1505
8311
3385
7413
2190
2357
2937
6140
2410
5049
3978
534
9265
1669
2237
6237
607
5921
9371
5092
925
7350
5660
2194
1965
6766
6052
116
2470
5226
6083
8053
3623
1816
3058
5258
2208
6782
7285
3593
2631
9317
9101
8763
4781
9589
4621
9887
2792
8841
2158
8018
5371
1354
2741
8430
9099
910
7329
782
9705
3998
887
3032
309
7951
2376
672
8091
7739
6495
7354
4506
7330
6288
1470
1605
2682
2668
2060
1773
3106
2809
1974
9469
7238
9385
7825
4612
2994
8200
3982
2757
8687
7781
5684
6605
1792
5893
1694
7587
1038
5034
9633
419
8667
3070
9523
8026
5118
5724
2883
3112
7215
2880
3684
7820
6728
7271
4307
1615
9081
2147
5299
2542
2290
6003
7689
1183
1461
3206
8592
1017
4246
8216
1760
2218
2180
3736
4248
585
1092
8137
3358
8378
2826
6581
8490
5129
4809
2464
8439
2828
8500
3430
4922
3762
4318
6198
558
4750
4897
9680
1189
2089
3121
6452
336
6205
8814
4904
3580
1551
5943
6173
2368
6133
37
2924
2686
3086
1136
5060
9842
3532
9656
7732
5171
3334
5464
6696
7013
8011
9590
4974
2108
6377
786
2444
1769
9438
3466
3666
6033
2737
6266
5871
2260
4668
9312
2384
7599
2141
3541
6143
9097
4522
3698
7585
2021
6500
840
3249
2472
7924
6672
267
975
1793
9239
2992
6445
3194
2338
5095
3123
2854
1881
383
1408
9309
408
3328
620
4921
6036
7421
1782
9279
7479
2804
8930
2514
815
8813
1434
6880
968
3166
5256
3344
7964
3976
5297
933
1908
7494
1962
7993
3380
3120
1571
9740
580
3632
4806
3000
1827
2414
4132
1849
5143
5127
7410
3671
5597
3081
858
465
8094
6965
3157
1281
4845
7157
2388
2720
6900
2888
382
6103
9737
2343
3680
2670
1702
7453
3389
2894
2316
8057
1394
717
1553
4768
3714
7966
2010
7054
7401
3728
3302
3008
1514
7652
2405
8484
2750
7472
6070
6156
5685
3348
4004
8924
8298
6004
1396
3856
5482
6582
938
2536
1378
6870
5663
9132
5203
2961
162
3653
9124
5098
7391
7268
874
6144
2438
3216
4964
377
2803
9399
3338
8518
6333
6674
2148
3874
970
7624
5621
2684
7468
4966
646
7631
4029
3525
2724
2149
7367
4450
9066
4550
6297
9829
4638
2167
5978
2560
3994
3292
5290
2996
8392
9558
8607
2716
8557
7022
2400
2576
8222
6482
2099
9290
8364
1797
3244
8432
9951
6986
2525
2786
1391
6745
196
2590
7609
3486
4334
2830
8510
6468
7493
851
6363
4705
4150
2516
3362
4810
1937
8357
1442
3871
1008
6781
4260
4942
9004
2740
8340
3879
8597
8938
8645
9645
6263
3074
5905
4929
1134
9685
1185
4840
2817
4906
1429
7716
642
6371
974
8150
7033
7519
8734
5726
7252
483
7668
6704
832
5454
4335
9426
1589
2790
9323
5458
7366
2752
8009
6754
1676
8479
8721
7990
8
7758
4877
6780
4858
7464
6844
3384
14
4269
1617
2133
5811
2626
4086
1327
8954
3664
5010
3272
943
7534
1284
8086
9257
5679
3102
4937
7377
2945
8865
4327
9343
8654
908
4044
7919
3536
9635
7297
3033
4080
3945
3453
9153
7490
1610
2597
6829
9130
9895
3218
7381
6002
2580
441
8753
8015
3392
9729
7162
5563
8632
2848
7155
5532
1337
2577
5969
5117
5741
4878
5713
8411
2953
2087
6305
4292
656
709
3281
3100
9202
2928
5260
2840
9853
3476
1496
2736
7279
1661
8503
6010
3172
4393
2041
6783
846
8328
5085
2319
1954
2081
5666
2784
192
605
941
3570
4198
7484
8971
6805
6182
4096
1812
4172
3289
3402
1096
5904
2492
3072
6953
3304
1728
8309
1270
3830
6299
5219
8634
7864
5801
5543
3789
3786
3036
1239
6834
2523
8207
9697
1625
4649
2573
4114
3770
5038
2302
3159
202
4688
5964
2701
9531
3079
5721
8261
6756
3397
6421
5809
4093
7262
9594
5380
2967
7756
3640
8637
9342
6918
4872
5884
9646
5732
9009
2513
4488
8467
6547
4659
7459
3332
3621
8156
7073
3018
8582
1201
591
3048
2336
2403
2274
7236
2998
3497
5858
2788
1774
2756
5306
4106
3852
9445
3940
2908
9028
4961
6877
3648
2394
3448
5244
6381
502
3708
2401
8909
466
7135
7327
5670
536
375
6471
3492
358
5822
2868
3808
3785
3724
2204
6365
5853
5242
2849
6302
262
5178
4568
3138
1314
4756
5813
5519
7795
8426
2842
4471
3242
5618
2544
8263
9433
5486
3188
6663
3064
3506
7492
5855
4833
9724
2122
9970
4993
2990
7276
675
6425
8622
4546
5537
522
4472
5601
3156
5308
1837
7070
6151
7270
6317
7754
6561
1480
8338
6171
8793
2753
899
980
4352
3276
7163
8369
7185
728
9995
1958
7260
700
9217
524
3360
1064
1929
1087
7126
9886
8402
444
2884
9058
253
221
3214
6353
8845
8030
6735
1474
9783
4602
3801
2949
7038
2182
8589
3806
1105
1100
8370
7065
7495
8785
9609
1512
5849
8761
5980
6429
7440
790
4658
2234
6019
7076
8564
8537
3173
3372
2962
4557
3423
428
9692
3749
2956
7428
4440
624
7894
9591
1219
6370
5658
151
3776
1826
5125
5919
4850
9181
3892
6649
4666
3056
2599
4484
8962
7003
8204
2910
759
1150
8078
7210
3712
9564
2653
233
8968
1257
3190
4740
3688
4126
9196
7263
9383
4285
5222
344
3928
4777
3128
7702
7442
1400
9885
9781
5145
1668
7704
3405
9661
9563
6385
5007
9292
538
6511
2634
4368
4726
5446
8990
4998
3814
4866
1058
3029
7753
237
7941
2587
7618
6694
1279
3472
1703
397
8870
3418
60
7814
2642
5994
4130
9809
6038
3456
5604
2197
3490
1535
1978
4606
6994
6440
68
3414
5986
8651
1566
4804
3445
7836
3550
3192
4944
7950
4144
8626
2568
5192
3985
9805
894
6644
8623
1591
1308
3200
864
6710
808
5162
5382
7946
3256
3049
9723
4702
3269
927
797
6089
3797
4024
1706
3060
9912
7222
1680
2201
9757
3816
396
3198
226
903
2314
8789
1162
3584
1692
3404
9436
6332
2350
8455
6338
6454
6702
8061
658
2351
2572
4917
1046
6799
1306
4117
9753
4230
8846
6715
5850
6956
6959
101
2640
4890
281
8534
1276
5842
1330
5402
952
5350
340
4788
2308
7748
1558
3318
2502
6828
9255
369
473
7786
5796
599
590
3310
9447
2137
1738
8300
9362
9497
2073
5348
8832
6099
7450
3866
1120
7466
3357
3447
2952
7509
4401
6619
2483
8243
7247
3574
956
6369
1585
5136
2413
8372
8162
7352
70
2529
6552
9679
9023
3408
1057
5968
9384
4542
9108
4214
5157
4294
2317
5665
1441
6693
644
2475
1538
7564
337
9262
3052
3557
9827
6533
8004
6558
4022
3204
552
7474
180
9288
2649
9505
4265
3480
922
3929
334
5936
432
4140
5566
3382
8374
3962
6758
6417
1488
4765
9690
6899
8123
5140
1392
3960
6913
3464
9841
6774
376
4088
4196
7706
1976
3234
3325
3314
3938
6455
440
7927
7654
3113
8433
3702
4202
5576
6934
3966
3078
5605
5652
3794
9406
5274
4328
7985
2298
3898
4584
4418
1477
4846
4918
1403
5876
5612
6559
6458
9815
6610
1184
4278
366
1673
9119
8420
8751
8051
2174
3791
9351
8947
2285
6645
2116
3674
7663
5182
8293
1817
9495
9263
6589
1633
2608
5480
8804
1753
3294
4836
9258
2045
4350
9000
6117
469
3629
3744
1845
533
3748
3860
9015
3390
5166
4644
4594
7030
2770
4192
5789
5664
3517
6180
7982
2693
9170
9667
6865
2049
36
6106
7765
7722
9227
7281
4495
6322
5040
8560
4554
289
3452
4552
182
625
4042
1027
2698
6932
4157
6352
5026
5773
7724
2267
4891
9372
7100
3820
3980
6826
5841
8708
3181
1113
7787
4256
7613
8783
8577
2139
136
9708
9131
2755
4283
7957
122
6636
3673
8166
7045
3880
6892
9417
5775
2207
2034
4500
2145
4056
3062
2761
1852
4532
663
4613
9703
4720
8522
2973
1748
9867
9907
5624
9324
5200
5843
9612
4585
4018
4432
3321
1332
5408
5633
9519
7772
1947
5387
6446
3951
4356
2948
4504
174
1263
230
6135
7104
2507
5977
3087
4354
5420
2245
8691
5514
6391
9354
5064
2481
9641
1757
7289
5374
6383
889
5430
2418
4854
1674
8281
5517
7096
5501
583
9851
5655
1687
1601
514
5646
9858
5862
2625
4520
726
3359
2979
9276
6642
7514
1783
2439
9412
6875
4983
4118
1192
7229
3005
4844
1142
2981
5812
4234
5296
3834
2553
5861
844
4444
4373
6204
9890
5421
1143
471
5456
4677
3604
4824
3125
4782
9691
3836
5027
9647
3906
3927
6842
3743
4487
7371
30
6996
1943
3756
606
6116
7426
2063
2592
8942
5910
9025
2072
6750
8918
6578
5962
791
2730
3972
8473
4461
9910
5438
7590
8478
8843
5476
6337
8350
3913
7383
8225
5748
5406
3876
8115
3285
6583
6194
3824
4322
7489
4062
512
2093
1869
9321
7842
6609
1452
4560
9961
1073
8628
6697
2001
8457
8475
7653
1220
4014
9001
7176
4808
8802
2950
3752
1232
3588
6611
7692
2349
6984
1202
4032
3758
9034
6185
6121
2775
9897
2801
9341
2490
6692
6229
4275
9489
2935
2233
8978
8689
8602
1544
4769
8787
3661
3909
275
3884
3894
6157
3656
274
2645
9157
7166
434
5851
5490
2391
2900
5394
3465
8103
8482
7320
5280
1123
254
9926
3322
4372
4485
5583
770
7773
891
9161
2428
4837
4626
9802
1182
4458
7379
693
205
4558
996
6926
3556
3936
3926
1949
3722
5314
9247
7032
7684
4407
4092
2691
852
5594
4960
3317
272
4104
3240
5184
885
5860
3838
4048
484
6601
3957
4876
8240
651
5710
8244
5465
4604
3342
7896
4286
3864
6264
4512
280
7572
2212
9634
157
9750
7386
9918
9486
6910
4719
1983
6652
5700
4985
7662
6669
1767
461
3441
9978
4656
7319
9055
4912
3503
2164
489
2601
739
2106
6883
3586
6484
3560
9266
1320
5332
3843
4914
7667
435
2858
4706
9727
9595
3837
3161
9919
143
7307
9437
9911
4479
1425
8739
4410
1015
8805
3305
830
4136
7710
8828
804
4264
3320
7390
2304
7832
7125
3862
6439
7719
8006
439
5427
4316
1228
7900
692
3767
6949
2209
8546
3872
6255
8209
1329
4110
6078
8825
6323
4143
3312
4780
2578
6980
4252
8973
4242
3912
9822
7699
9607
9974
9334
7181
7063
4296
3184
4637
3368
4634
4166
2585
4404
5432
3333
6222
8299
5194
102
8183
6748
4727
4460
7511
8774
5723
7691
6118
1705
4856
4122
4901
1762
83
2866
4254
2103
4344
9581
8122
1386
4388
1209
3575
4274
8184
3026
6234
186
8719
1258
2437
1982
4149
7074
8410
4533
4349
7284
7611
3578
6448
341
9477
485
6248
3065
4216
6129
595
2358
8533
3553
3719
7584
4060
5412
6164
7483
3715
3620
3956
1752
5778
193
6903
6887
8703
9298
5988
3514
2037
705
4000
7286
905
2344
2559
7237
5341
967
3059
1122
4386
5116
3687
6660
9631
3778
5753
7016
4240
1334
9908
7452
2521
6890
4502
9614
5989
661
4610
1622
8833
7714
587
3750
1695
5042
5366
7116
4452
4424
5381
7258
9787
6703
6536
95
1657
7770
6970
1882
3189
6155
1471
2161
7255
7172
6054
4517
381
9414
7918
902
3437
9365
9110
2614
8937
53
6196
4982
9526
9747
4112
4270
9673
2517
5289
5358
731
7997
5472
5509
6898
626
4648
5956
4090
2016
8145
2061
9386
5209
3511
4853
8877
3484
5142
276
3539
3552
5224
8190
4061
3470
6290
3040
6831
7556
9251
2512
9960
8501
4624
4574
5769
1798
4412
1722
6525
8531
7124
5749
353
5645
8929
4580
6092
5609
2971
3329
2927
1338
1319
8847
4013
1021
4128
2807
3733
4645
3287
1070
1351
4381
4468
9319
735
3757
4050
5510
4572
7594
4314
7949
7723
7909
3935
7694
5158
2156
6460
7117
4190
3897
7196
2366
4398
6451
6515
8526
8910
5783
519
5096
7520
4745
4288
9884
9326
2121
5734
1980
9364
8403
4076
5202
9855
9514
67
2802
2429
8333
4590
6039
6614
2920
9826
3751
7213
8888
7954
9356
8702
7727
4332
38
2277
2485
5120
117
9569
9839
6922
748
3257
3606
9621
2057
8764
6186
3667
5046
9944
660
4494
9713
7277
1293
8462
6479
5172
8556
8191
7866
3641
6413
6972
9752
4486
4258
6169
2522
665
291
5383
3649
5706
9297
6136
5316
5254
8967
7348
5
2453
3411
7139
2126
5228
1862
4620
4796
7014
2152
5138
425
4959
33
1207
3710
721
4454
4436
3494
6110
8595
7828
8952
8443
7417
9992
8762
8041
6109
9347
2031
5322
989
5284
1036
8205
8671
8258
1546
6152
6793
4686
7214
5644
2118
3919
9998
5032
4697
7160
9643
4392
6064
4290
239
9079
7208
6312
4467
7436
796
6378
9070
3479
4342
6952
3854
5468
6485
3519
9969
5216
5102
7376
225
5058
772
8386
3082
1357
496
8520
2476
4466
9706
1619
3652
6868
3610
4394
7683
9539
3958
4652
6490
6658
7245
8471
7114
4159
5121
5720
4374
2695
4593
8688
4842
613
6824
8290
6958
2685
3931
5047
5922
4852
2065
2735
6392
8949
9358
2339
8072
335
1196
9016
2584
7156
4674
4538
7203
1061
8539
2823
6060
4708
45
7149
9382
5844
4716
9416
2009
9502
5161
5632
7304
8984
6148
3223
7782
6382
7965
2723
2562
557
2048
995
4087
1807
1990
9360
5148
6969
4141
4357
6149
4980
4894
6576
2853
3827
6342
4700
836
589
2310
7356
518
5062
5000
6514
4074
5352
4396
8314
1761
213
7129
6188
8360
631
1788
4464
3196
6181
3565
4678
1081
6374
6082
8760
4091
9253
5805
8268
6544
8474
2493
6441
6289
6053
3726
5144
5417
4772
34
3579
6213
9012
634
5541
5029
4764
6624
5704
2226
1101
8613
1899
3942
7500
3118
5572
610
5823
2700
4569
7936
5946
6668
4640
1478
745
4366
7530
85
8001
3460
1059
8554
7670
78
8716
1218
5099
2281
7959
58
2005
3345
7917
7259
8729
4152
9168
386
9314
7499
5270
2272
6008
750
6600
7231
9868
1272
6467
7837
7738
8842
7119
9126
8791
1412
5124
6407
9915
9791
9528
1573
5923
4984
6902
6200
5533
1614
5984
2070
379
1302
8396
9659
2165
2586
4736
5762
8308
1708
6820
4838
5496
5845
6592
1574
207
2250
2591
3677
5170
1238
5736
7558
4073
8996
4800
6509
8668
5104
7085
676
6394
5439
5048
44
9471
6243
5232
3229
5696
2393
7568
1906
6430
6871
1603
3844
2085
9921
5330
8562
4616
5573
7713
9454
5877
3782
9916
962
4945
9876
9576
1781
7005
2658
4562
8834
7811
5428
6080
9931
7050
4814
6570
2796
6276
4682
6168
1985
637
5620
6160
3524
2879
5276
5958
2825
7824
5411
7645
5997
2509
1001
8367
7158
4704
2340
4664
9813
7696
8342
7416
778
2993
7
1951
9629
7735
5873
9128
385
5695
4927
8880
4102
8904
1206
7264
311
8130
8229
8837
96
1907
1944
3899
8161
8746
4639
7792
3590
6183
2068
7628
911
2557
1506
7615
2168
6618
3316
8269
5268
7629
6613
7550
8894
5930
2109
5370
1368
1749
2612
8983
3300
8170
2890
9434
2738
1543
3443
4692
9761
5462
6901
9169
5790
5742
32
5245
4164
6262
8063
5434
1670
1157
4885
9866
6466
247
3970
4832
7776
2677
7840
7209
7961
8953
664
7008
1149
7266
6231
2159
621
5264
4665
6654
4990
2097
6134
4127
5767
8278
5794
5746
6061
5920
5294
6709
5718
4389
5241
7308
3932
6813
3104
8485
9586
2911
2018
5976
9547
6521
4180
6808
1901
8782
4167
5431
4170
4972
8979
7212
6590
6747
6250
7346
6360
9561
324
3163
4007
6712
9972
9042
3024
5391
472
9496
5634
6518
4737
5599
1984
7709
8282
5082
29
9361
9302
7921
7605
169
503
5504
9653
2673
56
5097
5521
2013
7665
4047
1370
8362
4790
8647
9922
1889
758
5628
1688
3587
9940
7600
2477
6962
1124
9658
1896
3633
1426
5656
4312
2851
4798
8112
8020
7734
2364
7190
5054
8786
9259
3947
1244
6241
961
9779
6622
4880
9349
5668
1437
2545
4799
5880
7380
4938
3529
131
3406
3429
4229
1355
5712
7690
3010
9825
137
1639
9732
3851
2530
6031
3117
5688
2162
3489
9245
5856
6011
6998
7167
9800
8778
8201
6874
6108
9213
255
1776
4986
66
6764
5248
9387
6127
7682
1941
4591
1406
1565
7870
5300
2172
879
7661
7409
9003
387
1298
9172
6023
7334
1590
8164
2243
7194
3522
2395
3520
5889
850
1967
4828
7089
1278
6192
4996
5681
3280
6884
4163
6562
7788
8940
395
6244
5272
567
2000
6095
2574
4219
404
6304
4958
9716
4280
6974
8717
2619
2404
2451
9274
4203
9870
6176
3846
5376
2186
7402
5156
6115
3512
4385
4204
1099
833
7742
4670
7841
7498
2157
4174
5072
3145
5206
2054
6608
9651
3013
8449
7557
1076
2531
1854
5450
4933
7730
3596
5522
4924
6628
3988
5186
7036
9177
6695
9136
9700
6928
3021
9273
3398
5006
584
5896
4773
6223
3164
5204
4406
649
3576
8399
7906
5338
7846
5286
7942
6626
8736
4957
1549
5981
3451
8692
1818
7700
7658
4331
8915
8755
4969
6662
8081
7818
4976
5292
3483
3415
8058
3747
4066
413
2447
9053
4320
2909
246
5740
6848
125
5318
8792
1613
5502
8581
2779
6936
6326
9950
4299
5030
1289
9981
5912
8547
8773
3510
3179
3236
5672
3379
8444
947
5814
3469
5548
1490
6472
4870
183
7420
2221
8202
8151
4784
1431
1138
5409
2320
5530
4608
8528
1905
5078
5484
2279
9759
2127
6772
5593
7878
2889
4218
8323
9675
7392
9287
3331
9493
8274
3800
5312
1300
7418
6024
8224
1964
6420
3975
7477
6252
9346
6545
5088
5840
4947
5473
8185
6072
2869
9665
4379
6727
7021
3841
6508
3810
5086
7207
6016
5825
5784
4946
3375
9529
9544
9721
5552
9682
6537
3974
679
6734
3037
4336
2627
3660
9849
2409
2595
5971
4641
5416
5824
216
6786
622
5185
2620
4005
2
6548
433
6184
5929
9022
7335
5722
3918
5928
550
6001
406
6388
6897
9074
9049
7576
8697
5924
2385
2743
8998
7717
7012
7586
3881
9030
7649
8236
666
5441
3030
6387
5081
749
3622
6604
7794
2441
3260
7580
2024
3295
608
8210
7686
4729
4304
5848
5107
9698
3624
5059
8148
6907
5854
6125
1069
8756
6701
8355
4892
7620
3759
9458
3618
5061
9521
5788
712
4565
1252
875
1600
5189
7353
2211
4713
1507
2198
5360
9734
9811
7093
6228
2632
5151
575
5768
3768
2125
7830
1819
356
6503
9184
5866
6516
7529
6414
7983
300
9142
5932
6390
6632
8601
9145
4711
185
8958
3518
8044
4496
8037
5208
6043
7989
6177
754
8321
9393
5830
3434
39
1650
7432
9304
5218
4988
8013
6141
7999
9835
5757
3734
5536
3038
7174
329
4607
316
1989
5128
6050
6438
8798
1912
8178
4012
9848
4206
7632
6274
5574
1842
5800
3990
2193
161
7422
4920
3457
1485
6546
5584
5155
5050
5460
3432
8600
616
3727
6318
2029
9524
7960
3613
1479
1698
8349
2805
9442
3097
8912
2860
7239
3042
9013
5883
8598
1712
5288
8226
4873
1620
9190
2432
9308
592
6280
812
5033
2380
8389
5524
1231
1225
9480
6384
305
7407
6424
9040
9474
6269
6906
238
5616
4766
6661
3508
1509
8808
6480
8435
5772
6929
5404
8553
2749
394
6048
2702
5872
7397
3779
2794
463
2280
4595
8673
445
6432
4135
1484
8726
2846
7768
4962
8732
4564
5492
1778
2983
3220
7984
3025
8974
2986
9676
6210
5133
9828
5890
9017
9327
1304
2623
9924
1055
4698
4515
2104
119
3446
5239
3252
5934
4363
7152
8028
4205
8583
3823
400
7300
870
8740
4618
8801
7228
5808
4055
6778
1388
6464
424
553
1634
1023
5806
6225
4224
3203
4605
5373
4236
7616
5063
7480
8682
7536
8022
111
222
1379
8087
6308
3101
5638
9085
4693
7101
5279
8213
7007
288
9648
3019
6520
7317
5894
4979
3043
3803
6556
5331
4617
8769
8550
4874
35
9010
7075
1517
6477
5281
3279
2084
8134
5760
8913
9579
5728
1144
6864
4431
6586
6791
7502
8092
9094
9160
5954
768
9301
7925
4291
3185
8121
3247
7446
7357
5828
3149
4123
1648
4673
9913
6656
118
579
5804
6044
5653
8010
7322
3603
9473
6597
638
5821
5852
9096
2422
8820
5180
133
3612
6486
5395
1309
4289
9212
5326
7636
6566
6368
4408
1453
1428
6852
5641
6686
6437
5588
7637
4721
4860
8578
7945
3885
7707
7265
1568
3997
9050
1007
229
4911
3352
8648
7579
4455
780
8429
2467
189
4383
1771
9518
4747
2312
7088
7869
5745
8012
6067
5386
5610
6740
6496
5388
4125
6096
9043
5179
699
1356
6765
1135
5329
3657
5531
199
2815
1256
7171
1066
4325
5068
5600
8594
8588
828
7876
4869
9029
1529
9743
3488
5733
8233
6097
4411
8652
4965
9088
2469
345
7506
5689
2764
5071
6510
9932
9649
6527
9117
8956
9991
5642
4257
6575
7566
6564
3775
9859
4776
8172
8649
8212
6574
5147
176
7169
1890
7024
2707
6224
80
8674
5262
3095
3981
6261
8502
2643
9396
5175
7061
6233
8149
8498
7975
6790
4400
4689
5149
7860
9715
6286
3275
6256
7404
6029
3454
3959
1170
2583
7042
6066
9923
4489
4751
8535
4465
2075
9063
7928
4298
8413
5252
1347
6690
8565
9062
5744
9315
1383
1360
9556
1104
9330
8434
6022
1103
9041
2082
367
4266
9597
9024
2667
5626
1283
9893
9533
916
5423
8073
4899
4981
9580
5365
3343
4951
4225
2876
9588
8741
7932
8111
6550
669
7110
761
5888
3171
8408
7291
1423
7885
569
8499
6336
724
2785
6335
6122
2864
7362
9218
7816
234
8901
4194
9744
7547
4767
2532
1019
5249
9230
8524
7234
5771
6105
228
7197
1310
813
3908
1799
4185
8766
8301
5758
2482
7826
4482
4895
6992
9410
9565
2347
7856
5987
824
6422
4362
1031
457
9906
1005
4099
5508
5966
1341
6282
1054
8312
7216
9331
6942
3463
7230
1483
2528
1963
3592
565
4825
6633
9467
2185
3740
7496
5039
729
2462
3639
8188
3421
6914
9560
6488
6079
3080
6708
773
9214
1654
6112
2863
6825
5191
8839
7565
9934
6835
8000
9220
8927
1315
5787
9789
6819
4384
4195
3207
2535
6995
9506
8633
5972
6020
9548
6876
9935
3114
6006
260
7897
4120
4539
8827
6841
1381
1871
6240
8126
5636
8690
6716
4215
880
6678
4544
8989
1271
7604
9421
8343
7593
1415
3720
983
7044
9584
2806
6749
548
3663
5466
863
6714
6648
7323
1935
3842
8830
7548
6779
5393
7953
351
2293
6320
9980
4036
2489
7387
8681
3073
5882
3140
7077
1163
7312
2386
6534
8596
7111
6406
8724
9943
8538
3647
4051
4548
1547
2136
2247
9057
5415
6742
7296
173
6344
5265
6272
2224
1763
8507
6725
2236
6682
7834
8616
2913
6410
8788
9704
7173
6529
5396
23
8065
4575
456
3467
5834
5711
9087
7112
4672
2725
6193
9720
9150
2303
4862
2071
1910
8730
2083
6532
4020
8315
2203
8322
3528
3609
1548
811
1560
1129
9329
6854
5364
303
1094
8941
6339
789
326
7884
1148
877
2593
8376
6584
7703
4642
9149
7306
9380
2734
6000
5614
7486
354
2687
9640
9122
1569
411
4725
9755
9624
6579
9881
4423
3533
6296
8253
2721
5900
2975
8882
4505
5863
6538
652
8470
5623
7720
2833
3177
3568
7744
1635
9587
7253
7610
3914
9850
5549
7232
737
3515
9491
5815
7028
7578
8615
259
1398
7244
2881
2839
1074
2091
5802
9736
4530
2589
6849
7122
8585
4011
5354
9143
6340
5581
360
5879
9316
2015
5309
9137
820
8002
8451
6498
8476
1409
6245
8988
5974
8385
4611
4323
6014
6436
6760
7177
2838
9605
1176
6076
4732
7920
4427
299
1641
7164
495
5003
9797
7543
7847
6128
5214
8448
8857
9116
892
6856
4770
3971
7120
3679
3176
7573
1489
8591
9231
6726
269
3377
2228
8890
7482
7358
988
6416
7256
1925
2538
6623
8124
4025
5122
6948
4227
4209
3682
2231
3589
7626
4934
7340
6166
8997
7881
8264
4830
6814
5992
8980
8530
8701
7224
6573
2066
3069
9762
7184
5231
1435
6588
8779
9838
6801
384
7992
4807
8048
9861
7725
7726
7272
1321
2843
9545
6722
1841
6540
5444
81
7831
8064
842
1713
6357
9959
2604
4541
3496
6478
5111
17
2666
2371
5589
1623
9089
827
670
6830
6295
2155
1820
8414
9261
8972
4176
4501
2811
5895
31
9694
9059
7072
1647
6005
3581
6208
5298
5199
4948
1259
2014
4509
5714
9197
4207
2855
8228
6736
4182
8324
5970
6522
1155
4065
294
6206
3558
2797
7225
8373
2017
6788
3902
363
2256
5961
4441
8506
9994
3237
209
9882
978
5933
1126
6404
7538
9209
6330
6505
5886
9925
1652
6268
3044
5015
1891
4547
3239
6973
5488
1575
1893
3991
2119
8977
2563
5763
4816
8811
3162
9751
8862
803
149
8771
64
8794
1465
3821
898
7635
6920
7755
6154
5631
8799
4603
8849
4259
6226
6593
601
2379
8146
4893
9166
5547
6560
9021
5914
8118
236
3401
3365
9957
9683
9873
4950
7588
6863
8982
8712
6776
7048
3811
4231
8572
7084
673
7569
1723
9559
9457
3765
7130
121
4353
4223
6395
1016
9604
5403
951
8182
853
325
1811
308
3153
2824
7332
4273
4789
9171
8114
2169
7140
8810
6247
9038
3665
654
6283
3772
9942
1720
8317
1525
7086
4599
7064
5212
9860
3270
4083
7295
2733
1342
7136
1577
7644
5012
8532
1580
5765
5141
3339
3468
4297
7226
7545
6350
3493
6356
7090
7737
5545
9461
4847
9047
5635
5761
7562
6434
1449
3968
2191
1884
7835
4121
603
7939
9370
1643
9481
5024
4661
6462
7728
5918
5807
2651
8165
6457
7043
1979
9900
5282
7405
8605
8245
7512
7278
2923
9606
4622
3509
4898
2795
4301
4851
2259
9176
1264
8818
4712
1651
3436
7447
8139
7240
5474
3341
223
4391
2318
6055
6832
3563
4735
6807
702
3271
4208
4341
2976
9920
3050
8351
2392
5343
1856
7647
3143
2995
8625
7902
2248
5967
1886
7882
4268
9328
510
3867
4303
3135
2978
2819
4430
9392
6916
4113
5334
3291
346
6017
5520
1707
5011
4881
3335
7952
7066
261
4478
9084
8214
5301
7893
1343
5093
187
4888
6504
5682
1241
7640
9086
7370
7434
8464
6427
420
2549
9035
6978
4786
6746
5346
9291
3068
3635
8715
3999
258
175
849
7092
9470
6077
3410
9325
4226
8241
3134
8749
4365
7108
7069
4019
7656
8154
4817
8514
8822
7316
1440
871
6594
6037
6341
7408
1821
9515
6945
6896
3330
1147
6376
8639
9941
8516
302
795
7863
3199
2519
7848
3006
2751
4660
5795
6904
4903
1145
5627
140
6664
6850
6968
74
9044
332
8544
5750
3251
2154
2903
5106
467
2808
9067
3564
6572
431
1095
1359
2235
6954
155
5553
2543
6483
6979
3725
1049
8419
2331
6403
5503
8854
6680
9167
9405
6085
9192
9367
1865
4069
8906
6470
8259
627
7168
6158
5903
3617
7947
7105
415
9964
9672
6081
841
2486
7318
936
6321
8175
3955
2782
3693
5452
9500
2617
1317
4687
7250
7001
1697
4839
7577
8559
7938
525
4675
7457
9459
2214
2007
6882
297
6541
7456
3535
6345
5457
511
5942
1345
6294
8275
2452
8961
2628
1519
653
7862
6056
8416
8669
1693
1664
9228
4787
7844
7062
7527
1955
8394
7148
9758
4597
8070
7541
6720
1063
2655
1745
5591
2022
7378
2166
7560
1576
13
1758
5555
2352
5139
4100
6752
7968
3611
7288
9490
7597
7508
5680
3283
5927
9439
5353
7592
4717
7412
7801
5467
9567
5585
7522
2835
551
1737
618
7672
6101
6822
1089
5355
7988
3599
810
7040
1333
265
6100
9381
8442
8728
5165
531
1736
8867
9200
9098
6021
7079
2916
7438
250
5073
7470
6167
1751
9478
2705
1531
2484
829
6351
9183
5561
8676
7923
8795
414
5559
1230
6319
4524
9295
1904
7143
7630
4057
1214
9240
6804
4731
3378
4315
2710
429
1175
2459
3409
1903
2030
3739
1806
9423
7760
1223
5080
6751
2728
7532
4628
3537
1612
707
5598
4939
2463
7650
452
2105
1205
2311
8644
5217
5540
7364
5443
7046
1250
7056
5837
5525
3869
1171
4714
6603
4247
8230
6744
3205
323
7448
4181
9198
2541
9299
9516
7198
5193
2051
8542
5315
6175
2111
594
263
7802
955
18
7310
2708
2255
7430
4477
1494
7204
2023
8731
9162
6976
7839
3809
5785
8407
7815
8886
6625
8232
1193
7892
5792
7248
2594
1173
2618
4703
7400
403
8038
8176
3459
9689
8911
2327
8505
5053
7589
8074
5008
1045
8285
8945
6857
9979
1385
8960
6655
3763
8405
8541
3718
959
2407
9534
7218
357
3090
8836
482
609
2003
8056
3910
8050
6034
4919
598
5829
4442
907
1930
2443
5250
5719
3996
7299
5935
7712
5864
8008
6113
8575
6713
1919
1808
8672
5990
91
6837
3035
458
6944
5167
1291
7023
9599
6481
6375
9748
5833
9772
8611
1421
4415
2372
8356
7026
6447
4402
9134
152
9111
4936
8852
2132
5925
1025
4211
7406
6689
4463
4131
4994
8084
104
9507
2496
3303
9091
7698
3670
2789
9135
8203
2787
3211
7191
7695
867
691
4109
8158
4039
3839
7146
7298
5797
4545
6028
7750
8179
9936
3262
3551
8824
1689
3704
9216
9894
2399
7838
8636
639
8754
9557
8141
1108
6999
4420
3703
1953
6977
8856
7526
3815
7525
6990
8678
882
1121
5336
5907
9688
9147
5215
2959
1013
9026
2552
475
4284
5005
5595
8511
3826
8914
561
8932
2497
4905
1042
7186
722
1097
6049
7469
5295
8883
8868
4191
5881
9368
6091
307
8153
7745
8211
327
124
6957
3804
7660
946
6809
7736
1339
2160
4445
3963
3883
8946
1765
3636
831
1691
6535
2882
8480
6126
4889
6284
71
2919
5057
5273
5699
570
2449
6738
7399
1923
1389
4446
6811
9938
2491
1028
7188
8986
7676
3255
9114
5999
3399
6861
9857
2396
1197
9511
9968
9806
4279
8957
3859
1085
9503
3169
7598
188
4995
6236
1855
242
7011
5424
9668
4754
6673
9163
9061
5356
5397
8991
7424
839
5271
1598
8332
3984
7326
421
8279
9232
9037
4311
7642
8257
8302
6595
5915
7242
1247
4598
9746
2131
6159
8097
9072
401
4413
1348
7161
527
6759
378
7292
5847
7775
3182
7336
128
9812
7752
8704
7540
9790
7388
1167
4272
4819
3012
2011
4587
2321
3261
5615
4006
8157
4370
1323
6909
2951
8371
8693
2329
9654
4694
8496
532
8060
2479
8438
5878
1159
5709
8536
129
5311
2984
5515
2746
7646
6150
7648
99
4201
9113
8140
9930
4361
5469
8579
7423
2173
1436
7796
5820
9871
3034
7454
5028
3337
7094
9776
7031
4263
4549
8640
430
4399
3544
479
5475
3297
165
8750
3555
8970
4671
1487
8085
997
1248
8256
167
8720
8252
6755
126
9278
6419
9862
6423
7679
2527
2999
7349
3889
4049
7328
6298
1735
4139
7913
3136
7664
4508
7608
9836
7740
5425
5551
7439
5385
7180
7596
8417
4749
3925
6239
8294
4709
2436
8168
3462
8076
2966
3147
1552
1791
9207
7680
4718
7852
8620
3263
8398
2569
9765
6195
7643
2033
4081
8277
8418
7355
6409
5115
2955
5909
6602
9224
5357
6327
6174
539
6620
7343
6012
7047
8404
6215
521
459
2602
5949
2225
9799
7523
1559
2988
8745
1164
6221
2038
7904
762
9444
4351
5435
5327
8187
4116
9052
3760
3245
6946
9578
680
4823
9801
5731
2450
9450
6925
4651
4082
2433
7817
6251
2264
1165
1044
9269
1830
7015
3573
3819
3616
5113
6684
7800
3745
5671
6212
9254
7365
2499
7879
1779
1362
9504
9775
7784
2834
7987
7789
8881
8895
8083
9479
2991
8066
1433
8284
4579
4742
145
4831
5079
9946
4133
9947
9318
6881
8694
1681
8270
992
7133
1677
3435
8093
4337
9429
7395
8400
9778
2460
8208
7221
3829
3521
3363
3039
2455
6098
7582
1864
843
5916
2847
7518
3627
6216
8160
2510
2711
3438
9425
6494
1331
7875
8016
8445
1251
5725
743
4928
8440
8390
8461
7458
7546
1834
9075
7955
4801
825
5131
6606
8246
2026
7791
7868
5657
4592
8744
5793
8558
1062
3911
5487
1861
5130
8250
9710
4433
3444
1215
8807
9976
4525
491
9241
1287
2494
9681
3930
4685
4346
2907
8329
5901
7886
63
7103
235
6677
7179
4586
581
9229
4859
5810
7359
4052
8052
6733
2709
6203
8907
9618
9199
3232
8276
3893
7145
350
9348
6569
2731
8104
9036
6502
9294
3920
7603
8143
9430
5083
3307
6917
9914
1616
8100
2362
2537
497
9186
147
755
1860
8286
4632
7908
4601
4267
2473
8428
2680
9821
8337
6767
5678
6307
1772
9552
3540
3651
7368
7441
4518
1083
2852
3017
2582
7471
9233
6687
4818
4155
7956
3967
1106
6111
8629
611
2985
7757
5673
8194
5897
1035
1743
643
4941
8040
2261
8584
5108
5259
5174
1139
7449
5499
9846
2387
8576
2115
4724
7911
798
3699
6768
3155
8296
7930
5759
7806
1127
3115
1642
6717
9187
3323
2524
3129
2286
9494
3148
3567
3732
8855
7877
3853
9285
9408
2575
3413
9745
4175
4305
9788
5100
7888
544
7678
866
8196
8472
4387
6878
6411
9077
5379
2942
9446
5164
615
6358
9376
4023
6087
9373
987
2096
481
88
9636
719
821
2766
9407
5076
8080
6935
1699
8767
8174
6568
4619
8831
427
2929
7861
1678
1253
338
1987
9660
9854
5478
5875
2297
2397
4237
391
4397
7451
7052
9032
764
4991
6401
4679
5056
1335
7020
4115
2745
8136
6030
1859
4778
389
1618
9540
8186
9546
4358
287
6879
3585
8803
9080
3547
4071
8922
6635
2503
893
5887
9400
9189
9956
7778
8341
1040
3351
3989
7980
3939
8106
5398
195
2624
857
5105
8192
9948
7311
7433
8292
950
3
3697
9180
7688
8255
8283
9272
3371
9252
5491
9701
6132
9165
4561
6927
3784
8142
8923
5163
8664
9076
5077
1667
5400
5317
5069
5227
2500
5617
1516
8316
2914
8436
4746
8223
1294
8380
1874
6795
1836
2703
8468
2699
4563
5575
5089
7812
172
4863
105
9148
9234
2289
8722
4239
8206
2561
8699
2987
9583
5477
5094
6207
1534
25
1137
7880
2548
2739
5730
1463
2291
8220
4183
8874
3861
249
4251
9284
8409
641
7705
7998
6743
1727
1211
8900
2660
3425
7521
1611
3631
8046
1709
8861
2196
9060
4630
8768
8071
7926
7874
3311
3561
1037
5246
6923
6068
8543
5152
8460
9344
6549
3943
8280
9611
8024
4583
9152
7994
47
7275
9033
8366
5529
3601
1915
4681
681
4868
9796
4514
6191
746
9140
926
5667
7000
8089
438
4909
2273
3695
5399
5607
7641
8864
7201
6161
8675
8593
6214
921
8713
4075
4615
1075
8387
3559
9357
4695
4439
9048
8152
3569
3364
3995
1071
3007
2324
2939
4728
8772
1382
9952
4540
7701
5344
4475
1422
9424
2488
2931
3326
9432
3016
8638
8379
817
6042
9852
674
8710
3474
5571
3873
8897
2495
443
2220
5755
16
9984
6872
4261
4826
3055
3420
4855
5917
9105
8388
3709
4968
9901
5756
6281
257
7972
3676
5197
8330
8552
9608
9402
4010
6131
450
4027
8215
8790
4748
6821
9144
4043
4345
2905
1235
7039
8062
9226
1413
9332
4228
1273
689
7903
1644
2891
7948
9712
8948
783
4791
3831
3354
4849
5041
6723
94
4045
7505
163
2213
9499
5500
8304
2374
8655
7872
6539
4338
6075
8422
915
1800
1599
881
9222
3983
1261
3662
8604
5359
9466
9814
8466
7004
5405
4015
4667
4001
6137
9582
2675
9617
8733
2965
5307
141
3513
3041
6787
2896
9993
1665
8180
5838
1607
5103
4551
1813
8447
5738
8944
7533
8456
3822
27
9877
215
8508
3491
3417
7313
7078
4451
3534
5493
5690
523
3122
8335
7504
8748
290
9770
3308
9078
1579
1975
5998
3091
5146
9898
2378
8116
2249
3063
8869
1367
1424
6329
1043
5963
6580
4187
9538
5223
480
8234
2478
2171
8684
9476
703
8336
1065
5135
4376
9794
4503
6063
8254
7571
9549
5437
1405
8590
7246
8561
6798
8580
8525
9345
2421
9164
6960
869
3668
2567
9616
7539
994
9242
4882
3127
8326
9313
1562
3267
6120
6163
4437
1029
6246
8147
2333
6507
1511
4107
6543
5649
449
9307
4287
9756
1924
5075
5564
935
7241
9193
8994
8840
2296
3643
4428
5941
7091
3051
4134
4377
9726
2219
8381
9613
8377
1455
985
8173
4940
683
8217
8272
2056
9989
560
4147
2088
1011
8344
6647
8452
3427
5694
6839
4926
9264
7507
227
5659
9420
6260
9695
2773
3891
6366
4581
767
6219
9574
1079
3027
971
725
597
7060
9306
201
9958
9699
9092
3598
2977
1052
2419
5527
8334
2877
9572
6513
8391
6146
4999
8939
9338
4516
8504
8454
6675
2862
1091
1646
4249
1301
9008
3439
4513
7068
5263
7551
5253
9536
3675
1973
9771
8976
9619
8032
9602
7943
1803
4600
509
9983
8711
7123
5305
7612
4531
1495
9378
9666
1039
9965
9236
1994
1995
4886
1831
2092
8424
3502
4041
2926
8955
6292
3505
7017
1443
3566
9248
7891
2763
8757
6931
1508
355
2353
5913
5754
9996
3787
8752
6400
5319
1663
5433
9714
8896
5556
9722
6700
127
2654
1497
2579
51
698
8614
4989
8759
2365
6941
901
3595
1491
103
8090
2639
771
9268
8574
7907
8109
9975
1746
7623
1399
6287
1833
9352
9146
3353
6178
4255
3690
8872
945
8195
7431
9742
5870
8488
1721
7747
6707
7899
9773
3669
4650
5975
331
6607
2769
1003
2899
7969
4281
9832
11
295
1077
9520
8935
8463
6506
5051
5960
7393
1445
515
2581
2341
1397
9484
6889
2565
6040
5451
1784
9562
1
7187
7821
5013
7488
4691
1596
3133
4456
8548
8359
89
5419
3243
3840
2717
2046
991
9615
1885
4306
1875
2719
1313
3158
5339
6306
6555
9277
8656
9670
3487
8393
9628
2309
9988
4277
9768
4857
3979
9803
2831
6364
3407
4635
171
8884
6015
7053
1595
6653
929
3412
6259
1993
3045
9390
1119
9104
9428
8797
9456
9083
2195
6389
1711
9194
6967
5512
8624
9638
2821
2012
4079
2989
437
6415
5643
7685
5221
4276
5899
9082
7501
8401
9282
5389
6823
793
3183
4949
9874
1977
9982
7693
8129
6418
711
9069
4189
2354
6531
4614
9452
7282
6615
9878
5285
2275
8848
3721
3707
4815
139
20
7751
6698
8800
924
2177
1109
8487
8198
9990
1472
2299
6456
8826
3626
5539
9243
837
59
7019
3130
3571
451
6627
7294
3737
6721
2827
5766
65
3449
8700
1766
8665
3658
4875
4834
1255
6867
4171
4160
741
3961
75
9977
2215
5442
9006
6045
1203
7981
9431
6551
7581
5580
319
9735
7553
6739
939
8758
6463
3691
8860
4038
1583
3284
4883
6860
6293
3605
5031
1047
8928
9585
4907
2487
1659
4647
1787
7293
2423
8384
347
5538
1411
4119
8992
1931
3905
3993
3723
7142
6981
9831
2895
4070
5857
6273
4443
6838
4151
4124
1999
2867
8776
1586
2363
7731
9875
402
9107
8265
8045
6278
6179
2178
9046
2175
9844
3780
7595
3875
107
285
8169
6474
7503
919
8666
6220
3419
2080
5153
3766
5835
7606
6361
8397
9068
6637
5577
7384
695
348
8521
7797
9639
1911
2813
194
3923
8603
8421
600
5867
4535
8441
4829
5287
98
8425
3324
8491
1539
909
7674
3903
3141
8171
2662
8908
231
8529
8817
5839
7372
6921
135
4371
9112
9663
1914
79
7199
4339
9986
3755
3124
365
7106
5087
4103
723
5323
115
7351
1523
1847
9784
1537
6325
7528
8816
7958
7633
7871
2799
3692
7283
7718
9764
1191
1557
9270
9909
2223
2551
8318
9064
4146
8902
3355
1971
1991
9158
576
2043
8683
4429
3987
3847
6924
5691
7462
1883
6846
6057
9510
9492
895
8465
4795
1299
422
3433
6858
2047
5302
823
5036
9280
7559
1823
5661
2767
7154
4417
7764
8163
5020
897
8951
7783
5735
559
3615
8235
7147
8513
6894
7127
8458
8459
6412
9188
4977
1303
9610
43
2079
8113
5836
2603
9903
9071
8571
7347
8031
4589
1801
9322
785
7427
7638
7607
2369
3301
144
1739
8853
5743
1724
1275
802
4343
2032
5275
7463
3137
657
4031
21
8297
976
9020
7574
769
8271
6367
8306
3625
5948
6147
826
6349
3634
7095
7055
7991
1056
555
1274
4161
6526
7267
4476
7303
9210
5251
9880
4987
6641
2315
9637
8685
1024
9888
6362
3067
217
8019
6396
1107
2282
923
448
1115
9335
1879
4762
6577
5347
8875
1131
2657
1093
8247
4054
4199
2458
3619
4364
9739
9090
9388
781
4317
1132
6187
455
6711
6354
2715
6090
5567
4105
9664
5965
4663
4963
9468
4861
5177
3233
9804
6007
6789
9395
8823
6025
6093
1717
2963
4908
1401
4033
9678
7049
2857
7940
6763
423
6943
4526
9440
2251
9817
3685
3139
1629
7175
6676
9463
7360
5233
5715
9056
9928
8523
963
6915
6585
5511
6450
9929
409
6257
6355
2611
6810
393
5247
9336
8608
9702
1593
3527
5955
9749
8288
9296
3933
6271
8238
9864
4142
9626
5349
7403
8796
3531
9575
4683
2420
969
3735
7195
2244
7711
4643
547
7798
9513
2278
9780
90
2647
4178
7799
8660
4783
9541
3083
5074
5229
805
3167
8871
4915
3689
5739
960
1683
1952
5951
5818
1795
286
4867
1541
6773
3577
7211
5727
1895
1486
7467
4438
1545
9267
4623
191
535
4537
9398
1515
3753
9366
1459
655
2921
9550
2747
1825
635
2571
2239
5025
6489
2816
6731
8237
3213
2558
9100
5014
7853
4326
4779
7342
4193
3572
8267
6491
6211
277
9320
6784
9465
6688
2059
3450
3845
3973
4843
5546
181
499
9949
3170
5651
1857
3523
9625
2431
4380
9962
818
2135
5018
3499
4148
5345
6018
3131
1346
847
1850
2683
2600
9441
2124
883
7460
7849
8917
9592
9620
8959
3219
3231
3583
4491
2783
4403
392
5019
7808
5407
593
8365
113
9598
8777
1815
2020
8287
4
1311
7622
931
5283
1587
1950
5859
4177
6667
3833
9696
9872
3165
7890
4935
913
7321
6242
8515
3224
3773
3781
1675
2095
1141
240
9525
1473
8863
9807
8495
2269
4511
4771
5579
447
6629
4812
8747
8437
3475
109
2427
7549
2997
2912
1419
9997
563
2726
9896
49
2117
9237
9508
2772
6013
6895
9448
1626
7339
3717
2635
4559
4627
8497
9632
4523
8477
3504
9007
5255
7151
4145
5243
3238
7823
2504
1475
2271
339
5269
9019
7249
2123
2837
4347
3764
4497
4426
5803
7382
1041
197
979
5953
6519
1051
3395
9517
5687
9073
1755
2729
861
751
6027
2295
8829
1918
3855
9596
9847
6300
9652
2679
9553
6528
2435
788
273
4097
4715
2960
2077
5780
4835
5558
7375
799
8347
2850
8273
2694
2263
3545
8695
279
9600
5846
4217
1533
8635
8054
8075
3105
5187
3011
4943
8450
1187
7087
9554
3562
2027
834
3299
5114
4543
3600
3309
5908
9340
453
8643
5931
4527
6563
8125
3241
3227
1814
9453
2143
4179
8189
3109
733
1427
4067
3655
7963
9159
8131
5683
1033
8107
6643
757
4040
3119
474
1835
5590
9532
211
6651
8950
6071
1939
373
7170
3099
1242
3265
8383
4059
7570
19
4932
9472
150
7261
8395
2539
6487
2069
9185
9728
3807
2113
5869
5183
5885
8059
9095
9760
9795
2345
701
6671
9293
7389
9127
667
977
6449
1671
8135
2836
2659
4313
4707
7809
1267
2262
4975
8512
1395
8110
7051
3202
9971
7854
507
8159
7715
5084
8723
8368
4295
4864
5207
1863
3235
5463
7659
1997
2461
6993
5947
6227
219
7435
3387
4758
6249
2874
7515
3191
3761
7619
4395
7889
8621
6991
8627
1292
6657
2547
2035
3426
2181
5602
4739
3538
6987
15
619
9389
4521
588
3075
505
5959
9512
4755
5528
1843
775
3327
9793
5277
8696
2187
6989
4743
296
4243
4340
9879
3293
203
7192
2665
204
4871
753
8893
632
763
6912
2067
6639
1375
220
7121
5055
7219
8919
1775
7205
1499
6443
4971
9601
9824
1726
9
1608
283
5413
3681
1672
7099
7769
3361
3888
1503
5021
645
2777
7531
54
9622
3222
1715
9129
3315
3895
7859
5479
87
659
1851
7113
9543
1645
4235
6650
4435
8068
2227
5630
4483
5342
4723
3917
1729
1961
7067
6465
2781
6059
7083
859
7793
5004
3471
6571
293
9719
3195
5782
1161
6612
9568
8876
6291
4684
9195
7627
2689
9014
9115
4841
6373
7937
4507
2042
4319
9818
3835
9551
8975
9275
4811
7931
6797
4797
3215
3705
9289
9005
4571
3813
251
2742
9566
1226
9139
7865
7563
4730
6301
3132
7771
7025
4973
2615
1371
3370
9223
4089
835
1992
8905
1234
5483
9985
949
343
4923
9123
7561
2098
6347
1754
6073
5674
8303
2301
6859
4197
5035
3863
1887
1366
4775
8014
9065
1430
7827
6947
5195
8838
8707
5447
7373
854
3915
8242
7517
9391
4035
4168
1527
7895
9769
2762
361
1578
4887
8095
7081
8105
747
9709
9786
1217
7419
7973
6139
9206
9211
3948
5703
3110
8023
8492
6279
7673
6379
4629
6405
5993
2355
7325
5037
2638
8891
3461
2055
7273
6679
9363
7071
2943
2283
2669
2887
9174
6699
4137
7803
7333
2555
4244
4625
4241
6235
2566
2183
6665
6827
2287
4499
1177
7743
4821
7697
4570
8291
2875
5647
2732
5799
7324
1221
5181
1867
7916
3093
4805
6331
1179
6107
777
1627
1369
3071
1656
2607
704
973
1249
2859
9488
6009
1556
5535
862
1631
5702
7227
6380
7657
3828
2759
3498
1481
1628
9792
6475
3253
2465
8363
3683
9892
7873
8155
2425
4221
9460
8431
3142
4453
6032
5979
8227
4763
6770
9151
3901
6855
1067
7059
5938
4009
159
8043
8586
5043
5445
1227
8102
73
738
1387
556
6275
7138
1563
3403
8077
3805
5751
1638
7535
9435
7243
166
2771
7970
4555
4003
1945
3286
4931
7524
8117
8021
3591
8221
647
8049
1195
549
4419
390
2411
5410
1877
3031
2323
9833
3501
9573
9816
3478
5225
3154
9840
5052
3319
399
6399
9462
5505
1786
715
3103
2417
640
7415
807
97
292
6315
3111
6873
6094
8375
2944
3543
5747
7867
7398
1873
3388
8483
7280
9449
4655
7131
8878
77
8029
671
1364
7671
7651
819
3047
5831
5950
7251
8705
4493
9205
7851
6567
5213
2163
687
2456
1747
1567
2307
2810
55
3507
1655
6631
5361
3495
9899
571
7097
4701
9687
5639
8545
1439
5523
5188
4699
6681
359
5902
7465
5211
5707
9369
7491
2426
4375
7708
9411
7206
787
9999
4793
1467
179
9404
7411
8999
3659
7804
7721
5230
3187
8892
937
5944
3731
6794
6617
8098
1927
1254
9221
6218
1451
5112
6761
154
9819
9415
7115
4820
8659
8563
3937
6162
243
9201
9785
8610
779
6114
4101
9891
1731
3273
9311
2765
8339
9256
8519
965
2915
7487
3077
3458
7915
8219
7137
4657
2107
7552
1679
8540
5507
2692
1363
732
6719
3878
6285
7128
6891
1872
3217
301
123
1476
1839
5009
2179
2019
6303
3741
371
8650
10000
8566
5291
727
2791
5429
3383
8003
2257
508
1243
6971
9443
6565
6691
9374
5065
177
1307
