1397
1287
134
1756
705
1025
958
589
1159
886
1609
1720
935
1516
492
22
1965
309
1521
606
321
386
1927
1069
46
1882
1989
1322
42
1399
1352
1450
1053
1782
378
1417
746
1101
808
1485
324
977
362
1449
1136
1409
1474
98
150
1768
697
1455
940
726
1070
359
80
166
234
74
1743
690
620
927
1973
911
1337
978
645
1838
102
674
1679
1930
1434
82
817
1141
947
204
62
1359
510
610
54
909
898
1090
193
228
40
1819
4
114
70
104
810
1466
290
833
1162
1777
1988
790
655
266
826
1843
96
1629
1168
1805
1786
1302
396
1774
1518
1151
964
156
1267
1797
678
526
100
1505
1170
711
1933
881
306
356
897
1699
265
1617
1396
706
68
648
1759
117
1161
176
996
1010
530
200
194
1061
1928
154
916
1717
1813
1048
774
1761
168
208
92
1690
818
1326
32
1750
1879
1635
257
718
1943
1595
196
1650
585
1599
394
1015
1205
1367
1389
430
576
1597
246
550
528
1023
402
1573
308
292
1801
1871
1513
605
18
786
342
495
587
348
478
1336
326
949
874
1660
224
458
1949
218
1899
822
1066
392
268
318
330
1460
1571
1778
1755
416
879
1392
6
1012
476
921
45
1108
1461
1289
94
488
1407
457
1853
1134
1787
376
1567
1718
1234
1678
502
364
793
1117
1764
1842
366
738
1103
668
716
1029
1008
843
1936
1979
1242
276
346
681
20
789
693
609
616
623
1578
374
1791
1006
466
344
1519
1482
900
1463
1258
628
44
1918
302
139
1716
393
303
1327
161
854
1150
1423
158
422
462
482
809
1803
238
756
838
506
724
1278
1361
1869
1711
1671
128
524
338
1086
868
766
755
1248
869
1546
349
748
1793
380
1211
431
1554
1944
885
936
659
934
357
1173
584
1223
1467
1153
521
573
1839
1351
1903
1213
414
1549
1894
849
182
388
876
1489
1340
882
463
791
733
384
50
722
1689
490
1300
1530
24
1837
1360
1054
670
55
1206
1132
408
660
1542
848
1701
762
360
480
1992
565
212
1645
186
1952
1391
1202
590
1697
1751
436
1257
906
1379
1834
12
1551
400
1081
52
1555
923
1623
412
1454
230
1613
273
685
1268
1299
210
1895
56
1184
130
1607
1235
1531
1883
567
280
1580
1411
538
806
470
1926
251
602
698
542
1405
508
765
1506
1037
1288
1790
1031
446
124
918
438
472
1318
1292
1533
1201
895
1948
1435
666
933
500
782
930
284
570
805
1039
504
870
417
1072
1602
1859
1005
800
410
544
596
777
1632
1334
1703
1089
426
1165
1065
486
968
534
969
1569
1181
516
442
1741
28
249
569
187
382
621
1773
1188
1055
57
518
631
214
1858
278
247
739
1380
250
1910
60
1541
532
588
1497
1186
180
451
354
1691
581
820
1694
932
192
1545
884
954
142
1802
1810
856
1060
1018
1306
896
322
664
1307
744
460
1862
1987
1215
129
926
310
1490
552
694
122
773
1305
1233
910
676
454
680
369
1377
434
1139
420
1970
1273
1619
1852
580
1767
710
708
1146
625
1203
1616
1404
1185
1047
1298
1496
785
1057
1996
865
586
1398
1410
1687
1279
624
1247
776
373
1835
572
770
432
604
1924
1357
435
1938
549
221
556
1659
121
646
1118
688
262
1343
794
1044
1753
529
1301
1561
709
205
1817
980
1600
692
1822
752
189
541
880
1997
780
217
418
211
653
1865
325
1282
1007
201
468
1276
1468
1612
1995
764
1574
912
1748
311
1553
952
409
720
1654
389
598
1722
741
719
132
732
1534
704
577
1260
636
1178
615
1749
59
974
1591
1084
1348
1438
511
523
305
914
1998
1386
743
185
1328
1144
1758
972
554
1402
1440
1106
220
1210
289
1577
1806
1737
1752
784
522
832
1796
223
995
471
1700
1919
1370
1096
1503
1085
312
1232
1013
1056
1911
1092
892
1294
1723
1265
226
49
270
1710
845
1182
455
760
78
1502
14
1116
1016
750
942
327
834
165
440
1736
424
1868
917
1102
494
1876
700
1200
10
1082
197
797
112
253
1442
1742
38
1261
778
1540
622
802
101
944
1110
433
1198
543
1982
1656
1097
1651
1135
956
184
79
1002
1062
474
1418
1814
245
164
1431
469
169
804
816
88
1642
58
1128
1312
707
1950
928
25
487
477
231
758
449
301
1994
727
864
1385
1471
798
19
1080
883
298
637
924
862
244
269
1900
1137
1881
1394
1353
970
919
1275
852
363
1121
1931
1735
1823
1477
842
503
1653
267
1682
332
671
1715
1905
66
1176
1478
65
994
1779
1610
1338
108
1436
1896
982
1077
1384
1707
551
350
1520
441
1320
1951
767
546
465
1238
347
1893
1788
925
1378
1030
950
860
1844
202
597
1124
1984
372
1812
464
1669
1393
1004
1945
1126
560
77
902
1510
1341
1271
1207
1190
608
1308
207
1296
682
1525
293
946
730
1925
959
1216
288
1885
888
1028
237
135
514
1501
938
601
405
1666
1494
1034
1481
1088
1487
948
1479
1638
1046
535
582
1729
428
617
136
579
920
1133
1220
1593
1100
583
137
447
768
1598
1014
1890
403
1475
76
1476
283
1626
198
1345
1649
1310
1036
1646
334
1437
1507
1112
861
807
29
1109
830
337
467
1745
118
1032
1873
1637
877
1365
644
1042
858
1076
1921
903
1290
1364
872
1196
1366
381
1317
823
1204
1022
957
1264
206
183
1845
1316
662
737
1562
1624
772
1217
613
1960
1270
63
1390
1432
960
27
1828
1969
377
1634
829
1152
232
1999
285
255
1585
557
1942
1898
736
1252
908
1295
1725
735
568
1120
1446
1356
725
1400
358
353
728
1284
452
1376
1024
323
157
1458
1509
1953
515
953
966
1059
109
517
41
1618
1800
853
1590
899
1272
1674
1303
219
1114
1861
47
783
1809
493
501
1648
1094
1724
998
1331
1917
841
26
1349
792
1588
1857
1256
304
1526
1222
1149
1498
1826
407
1154
638
1523
30
1493
496
1164
922
1964
127
1524
146
1462
106
453
1395
1263
1789
591
539
1582
254
1236
1665
1713
734
1955
1157
1240
294
1780
840
971
525
401
846
1676
1172
633
566
887
1224
751
907
1269
1939
1556
300
1388
1480
497
1849
1280
444
1180
406
1972
634
1974
1907
1886
177
575
1565
1283
627
1218
1194
1332
1078
1795
1935
1564
592
1413
1045
1614
1820
365
701
1225
890
769
815
1916
1439
1627
594
1469
1655
391
558
1532
340
413
749
1721
1681
1738
404
1807
714
225
640
1244
1228
1794
1685
1708
825
1792
1041
1441
1226
1667
213
1664
913
1558
241
1887
1762
361
545
859
1433
985
564
1420
941
1189
905
1688
1130
1922
1321
1536
1142
1897
1459
1456
1594
1406
1068
163
520
1075
1550
1980
963
1073
630
87
178
1705
48
411
1163
429
21
999
263
1512
1160
987
1415
509
1191
367
915
1975
1500
1528
1209
641
1
975
1827
997
264
171
297
1358
147
1592
1052
775
222
1696
1009
1739
160
39
448
1342
663
603
1266
1877
1601
1730
1702
53
437
1043
1347
561
328
119
140
33
1566
1856
1908
1237
1971
479
274
1422
540
1772
850
635
901
827
398
1382
320
1444
1362
1177
1414
1428
1785
1354
1412
1251
983
153
684
1368
1891
1586
658
1488
939
1063
1408
215
1847
1333
1959
1746
450
1630
740
1621
93
1374
148
1147
1465
1538
1661
1734
547
1652
216
1219
352
1470
443
1608
512
1472
1657
459
1050
423
242
979
1673
1127
1179
1416
1166
1663
8
1692
1020
1557
1026
1504
1125
1169
1017
1071
258
1766
162
1776
1277
1492
1129
279
1704
1448
1831
1976
1841
1850
1643
723
1544
271
1543
3
593
1672
1123
571
654
473
243
1860
64
1901
1464
1115
1330
1902
878
867
1947
1522
1246
1832
1864
1495
612
1568
1239
629
152
1606
167
37
113
1011
533
1633
83
1514
742
1245
95
1596
317
1978
1111
1570
110
835
390
1576
1770
799
689
319
159
397
191
555
1324
17
229
771
1074
891
126
1818
72
715
281
1119
86
261
988
1620
1027
713
355
1932
1122
175
341
1003
1889
649
669
1981
1484
505
1183
619
138
1473
15
1319
1001
43
931
811
84
1427
1145
1087
754
1836
170
1824
965
1985
1906
1740
990
141
1611
1816
1221
1946
1821
1744
1798
1693
272
683
498
1241
894
115
375
1548
687
1962
618
1733
753
1866
677
1363
1064
1067
1425
149
1315
1639
1285
481
839
339
656
1914
781
831
1158
1658
252
1355
672
1775
296
951
345
1587
1058
155
1254
1640
1452
415
796
1760
190
1840
1915
9
387
1628
174
1311
256
787
1863
1581
240
1035
562
837
336
1131
844
99
1262
1754
1563
1684
1373
195
2
813
1171
1878
1695
1808
1281
1291
759
1680
729
1892
1372
313
828
955
1253
1880
1529
143
1714
5
1329
1195
1636
673
642
1079
1040
679
1668
1698
1249
61
553
151
97
847
1098
1875
31
1833
989
1804
1229
657
188
1726
1208
1293
650
1706
260
1575
993
427
976
1559
1093
943
904
1872
1884
1371
1429
821
314
315
1197
333
652
123
1941
489
73
1383
686
1712
513
667
1000
675
871
103
145
1641
851
779
1174
1846
961
1227
1140
1381
1934
1083
1631
343
1572
1107
1212
227
133
1579
1192
69
702
1387
370
1537
484
1443
1940
643
1113
287
1426
419
179
107
1313
1335
439
291
1560
1167
1508
307
814
1457
1670
1929
578
945
866
1419
992
395
385
519
1771
893
836
1784
600
1539
1230
1781
1957
233
282
11
89
889
1138
351
1445
1499
1038
691
36
1677
1231
531
105
537
1958
475
120
383
984
991
199
1961
1727
1259
1622
1954
1019
1375
295
335
1589
1904
1799
1830
757
1483
1825
1491
368
1763
1250
1605
316
51
144
1339
1686
763
90
717
937
399
1297
13
1604
1993
461
499
116
1815
1105
873
1967
651
1350
7
1909
1977
371
1855
661
67
819
85
632
1956
1156
1731
1757
1099
173
1675
696
1870
1346
1986
1728
1091
456
1309
1214
1719
801
863
665
2000
647
1453
125
699
1424
1033
1104
1683
209
855
745
1447
1344
91
1193
1051
329
1966
731
1647
1747
803
761
1968
824
1325
1369
1199
1888
203
35
75
1314
595
1547
875
548
607
986
1912
425
1511
962
1155
1430
485
1874
1920
1644
929
286
259
1304
1187
1765
611
812
967
1175
1603
1829
973
788
1451
1983
1991
181
1143
445
1867
1486
1851
695
1535
1401
639
1662
1923
1274
1403
1769
1421
1286
331
34
1937
172
1811
1732
1517
275
23
1709
981
626
299
747
857
559
1255
236
703
536
507
1527
131
1552
1783
795
527
1148
379
71
1913
574
599
16
239
1049
1323
111
277
421
1963
1854
1021
1584
491
1625
1515
614
1615
1583
483
721
1243
1848
563
248
1095
712
81
1990
235
