3253
1848
2172
2767
2143
170
670
12
2086
48
34
398
1919
1156
2009
1706
4034
401
2380
3296
1646
981
2881
854
4171
28
474
2546
4579
2929
2540
688
985
42
653
938
3902
72
4462
431
2533
3562
326
4169
4562
4018
2309
1926
2
821
2180
3109
1390
3069
2298
2194
1172
1769
2481
330
177
166
1647
101
285
25
3462
2879
4587
74
2639
2968
38
98
2628
3552
4647
4892
4279
132
1998
4248
686
1062
8
2453
153
362
2650
278
1206
3795
3523
182
513
351
2826
2606
3321
4573
4102
2085
640
3511
1468
1197
148
4641
709
348
1010
3089
4321
770
2177
993
3571
425
3431
2930
711
569
964
2306
97
1318
4228
152
134
1196
1871
3962
3785
1645
620
178
4901
2538
3869
2330
1278
1824
2556
518
22
286
1710
461
2565
1214
2654
1479
1828
4657
3599
316
3430
4035
260
3353
66
2223
791
228
1332
202
3719
3509
1031
2092
366
824
4355
477
3564
268
246
2404
4546
360
1466
3165
3790
3793
4728
534
2761
4569
254
4667
2067
3138
714
3758
693
3878
1565
3691
678
3986
1692
2378
2356
976
1860
300
4566
2754
16
2165
204
2821
970
995
4538
542
1310
502
3459
4117
1912
1671
4244
405
424
666
1140
3735
1202
390
4553
364
4979
1228
3271
721
4249
3618
3933
3645
261
1155
4507
3810
2331
4070
345
264
2242
3734
1590
470
2638
1485
1430
3016
2098
2612
158
600
4567
1762
3917
3233
2831
2220
4121
508
354
4057
2877
1000
4604
2337
1658
2781
465
3620
3505
1813
480
1514
4372
1146
4163
45
1100
376
2677
402
917
454
2005
764
226
588
2961
426
4626
2830
3804
4201
124
2095
2314
4685
76
404
3749
982
3401
2570
1567
668
1885
605
528
2780
2297
2858
805
1558
3573
1170
304
2732
3773
552
2150
3398
4305
745
340
2766
1877
672
618
4985
4316
2426
3781
1022
60
4157
2210
464
346
444
3317
3586
154
433
2307
1497
4329
438
4702
4470
1694
2414
3779
4337
3409
568
1384
1090
356
448
2847
3214
633
758
324
586
4103
752
4259
490
184
601
1990
4503
1677
835
1864
3588
1938
4307
200
2386
4119
4935
4039
1564
1350
2836
173
357
1496
2446
140
149
2865
2946
256
4997
4229
562
4989
4476
3065
550
344
4902
2241
928
2186
3695
242
488
3683
2065
496
3099
1028
541
2762
1325
4361
4511
1250
852
2808
1128
1721
3847
2966
522
258
456
3047
1394
4858
4090
3987
1050
375
4620
1465
4607
2343
2645
830
247
10
4903
2114
1114
1440
3629
410
3659
4541
2742
822
4452
1812
2559
2122
4839
4821
2461
4202
4041
4213
1939
1361
877
3649
2370
3628
754
3522
2268
1343
3727
650
682
694
2952
3242
4425
649
3062
4162
1726
646
1904
807
3057
382
716
310
4631
1644
289
1530
2499
386
4311
2192
1092
70
4955
2786
3863
4278
4417
2418
99
2037
1852
512
2618
4178
2214
2434
1580
1218
4391
240
4333
3686
1327
162
750
2128
3319
1401
1030
4285
606
576
1952
328
1
4353
4512
4704
1735
3516
1687
160
676
802
1866
2759
1681
590
3422
582
3325
538
825
4947
4945
4513
1546
4406
1929
4929
3609
2519
3014
2130
1388
3139
2443
2597
4038
498
2490
430
1977
2073
3399
3374
1418
1510
4453
622
4850
3465
660
4841
1688
4310
2625
524
1700
4847
1738
1934
4523
1117
1356
1309
664
292
221
4351
2684
4890
2365
3306
2709
584
3421
3880
858
1512
1448
2099
1378
2465
271
2018
708
462
1133
1161
1484
1886
4971
333
1486
1428
3818
1989
3358
4887
1082
564
2984
1526
2179
526
4717
248
836
2116
4085
908
2472
64
984
1153
3680
902
4925
4111
778
2079
2280
2782
1682
428
95
3919
4640
2901
4687
296
3741
3343
781
3239
2494
2819
4308
1205
1362
738
1764
638
1789
408
720
742
445
3314
1622
602
1415
1697
1568
3375
4474
266
4754
1592
766
3567
1104
2874
1516
3205
1678
4074
1134
3108
1222
1008
4384
1116
724
2287
732
1171
936
3857
549
2068
2188
1606
2873
1490
4827
592
2850
1529
2266
1524
2061
3471
3105
1268
967
782
2094
1962
1124
180
1594
1801
2956
3666
1262
784
3423
4642
2903
1453
1562
4808
828
273
2013
1246
435
3830
1432
1832
3122
3681
4044
1846
3631
2349
1039
388
4591
4342
2162
4670
2702
642
183
484
3491
3252
2022
3042
1208
3731
834
1981
1097
3528
910
4867
996
2396
1126
2870
1950
262
957
1814
1766
2039
4605
4891
2090
3746
2074
138
4100
3077
3764
2505
1076
2610
1168
1664
1080
656
2529
1509
4909
918
3002
3864
1749
2476
1652
2167
2828
2809
753
3950
2362
460
4921
845
4814
208
4021
2136
1366
798
1781
1158
1012
4183
1314
2599
872
2053
4854
4758
4348
2038
4743
2142
2131
730
1252
940
295
1586
3604
4145
1072
2422
1865
144
1518
3921
2715
1672
1368
3964
890
3668
3699
4739
1286
4371
1701
3920
1070
930
1232
3821
1969
1958
2388
1157
325
2893
2737
634
4060
122
4662
4243
3450
3842
1013
1882
903
2769
2327
3739
972
1382
1802
2834
1878
3678
2913
554
485
106
1406
3656
3684
482
3025
1839
3578
637
2745
3601
3532
186
944
3414
305
900
4674
4092
147
2055
4051
1525
4803
4440
3030
216
4109
3687
954
2898
1834
2292
1234
4075
4126
2166
3841
4823
1944
1282
980
1667
2922
536
4603
397
1491
2492
2467
3536
2680
381
1256
88
1398
2959
1400
2958
533
3971
2424
4015
287
137
1058
757
2141
1254
2340
3237
1144
2454
4527
2555
495
238
4899
2764
2550
3188
1046
4845
233
1220
1822
1597
4750
1110
4392
1016
3652
2818
1360
3801
1808
1574
3663
3009
3623
3418
4319
4025
4515
3982
2231
380
3439
1820
1152
570
657
933
3665
2811
765
1162
4105
2379
1304
2433
4565
2681
2727
1589
2185
2869
1548
1276
1084
961
1132
3086
1186
1725
3466
4913
1708
396
3427
230
1194
1551
1722
616
263
3113
4981
704
4946
3615
1504
2049
1096
196
3909
2238
1127
1480
2020
3463
3814
744
4771
4253
4509
2181
1300
2613
1840
1623
1482
3598
4129
4630
1582
3178
2886
327
3177
68
3890
1925
3885
104
1884
2263
2991
2738
3824
1213
1422
468
2174
4286
4211
2276
1238
2256
2002
2397
3769
990
2937
3061
3634
120
1940
2408
3043
4325
21
2852
1288
3694
2757
2564
2938
4502
1165
3550
4799
1559
2170
36
1748
2077
1756
4501
2632
1200
3861
2033
2156
29
49
1413
1908
3438
1534
2949
4473
117
2182
969
2401
4919
4951
3591
4419
2072
2554
168
2624
960
3733
4789
2871
1617
3283
874
3490
4017
1051
2206
1312
2900
3128
1648
1216
1106
4261
174
3981
190
2668
2498
4707
2105
4549
896
1943
1988
2545
3066
475
548
3441
4133
4987
2581
1522
2739
3544
1902
1402
442
3199
3063
2807
792
1320
3794
1442
434
1552
3341
4061
2460
467
2718
1946
1626
3716
4911
1628
1798
2532
492
1805
1578
4125
1630
1091
737
3556
4270
785
2445
3379
2748
2070
1302
2353
794
2765
1344
3294
3582
2124
481
2990
2391
1290
4524
3209
1607
4797
2358
4315
860
1596
3349
2030
2222
2321
920
1942
1923
2316
968
4970
1614
2354
3075
2048
2659
3767
679
4851
4486
3850
706
3092
1416
2440
3587
2479
1223
4401
2653
1800
962
2334
2689
2672
4065
2832
4788
4655
1188
1928
1122
2444
270
4517
2994
1792
814
2614
4975
4137
4298
1858
2674
1520
1308
3889
2140
1338
2981
4689
2360
1532
1364
2860
436
2489
2103
1842
1004
3503
1024
2960
130
3408
689
4617
4753
2986
96
3559
4908
639
80
4252
800
1399
2957
3661
4694
1396
3406
3622
314
2747
3540
3867
2894
2506
4551
3984
3871
1640
1900
1810
2803
2372
1410
1668
2750
1632
320
2701
4150
1670
1856
81
4735
3643
629
4444
102
2271
2734
3993
1542
1500
1038
1199
946
3534
142
1540
3765
1964
374
2273
1718
3072
3060
2544
3229
107
813
1778
2640
4265
904
413
253
2120
966
1462
998
111
4602
2794
3337
2856
2282
3022
1142
2484
4378
1492
4721
2213
1284
4888
2145
119
1493
2106
372
2308
1760
69
2413
4952
4478
4809
3713
3041
735
631
4748
3448
2305
1397
4098
2161
2462
4991
3147
3372
4343
4349
593
4673
1407
2753
4306
4369
2586
2050
6
2977
4521
2962
4078
2552
416
1804
4999
2304
4107
141
2149
3527
614
1666
1826
1872
4266
677
3390
1954
1506
2226
4643
2442
7
2602
4498
1918
3474
4943
2026
1696
652
3548
1702
4135
4226
4131
2588
1620
1098
1770
3908
2168
489
4931
3893
1576
420
209
1426
4885
1285
2366
2535
1035
3281
1193
3729
1680
4751
4844
1160
2108
1266
2804
2553
3028
4260
2798
728
2690
336
2909
1608
3326
4390
1732
1365
3388
3140
2420
2844
1816
1463
1634
2508
3664
3766
217
2135
4933
702
4198
1554
4312
1724
1604
1178
1772
1001
2224
560
1600
2941
4093
4264
2225
4535
2996
3476
4411
2458
1261
3502
4151
3114
2598
1507
2989
514
749
4291
4772
597
3186
1184
3426
4834
925
2100
2567
1758
207
3811
2173
718
31
1056
4584
4857
1217
3223
155
478
1573
3081
1705
272
1965
3310
2346
700
4466
1436
1663
4986
1978
1744
1896
722
2845
2118
2833
337
2511
1438
1796
3174
3240
220
4326
1042
1577
466
4066
2658
789
4582
2661
276
1948
2052
3927
2698
1742
1053
3991
3008
1225
4054
3697
4435
4080
2138
4520
1695
2919
1014
2948
4359
797
1026
2057
566
4328
4666
4924
4106
4692
370
4296
3507
4818
2801
2202
1976
2652
1829
2716
4043
4807
712
4795
1240
3085
4615
227
3295
2600
1986
1984
2704
4341
2660
2286
3101
4428
3213
2245
1782
3720
40
1850
4239
1956
3701
4644
3351
3826
4409
3725
2097
3110
1536
2557
3589
4877
4439
2822
212
2608
4240
1741
1113
3163
1020
3452
2534
2863
3707
1861
501
2063
1642
911
2710
4855
2512
2184
3709
319
352
3870
2740
2482
853
2096
26
4843
2078
3708
284
2419
973
3260
884
517
1472
2456
2451
3711
1625
2563
2289
181
4382
3236
1224
1005
1340
3454
3157
2887
1270
2101
808
681
3333
2448
4534
2622
1175
4200
2932
1982
2829
2240
3706
1329
772
1924
559
2837
1370
2040
4958
4497
760
4284
3360
3357
3226
3479
418
2355
127
2036
4338
2320
1015
1920
1381
1351
1077
4559
3381
3478
65
2707
1650
3468
1880
1936
3482
2338
2688
1980
2772
2774
3481
2016
4838
729
978
3959
2064
4023
44
2344
553
2236
876
3724
2043
3355
2432
2014
2134
1910
796
891
2971
2729
3146
2520
530
2032
1862
2144
4219
277
176
4849
3461
2664
250
3852
2896
1253
2082
4434
2513
3121
2447
4723
959
1537
4580
2257
114
245
878
2176
943
3853
873
2196
3778
2730
4115
3839
1531
3677
1895
4819
3592
3641
3404
2594
1025
3529
3777
3726
1409
4477
3202
2488
4930
13
780
2665
3698
1569
871
3762
4994
2008
2323
4895
4555
4529
1898
3737
2430
3187
1464
3116
2783
4014
4139
2779
1649
423
1230
2012
1260
1421
14
4235
280
3825
1244
3361
3755
3218
3757
3813
1136
1207
4679
763
4889
1657
1616
2336
999
2004
3501
1203
2477
919
2255
2232
790
4570
3195
3487
2455
4499
3580
3366
3137
2047
3444
3036
3272
687
3328
2584
349
2312
2000
3630
726
4668
636
2992
3363
453
2651
2755
458
1613
1570
3561
4893
669
2441
4457
793
879
739
2528
4757
577
628
3593
78
2429
3144
3682
3078
457
773
2080
613
1071
3477
2752
82
4469
1713
2892
956
3574
545
4376
1527
4059
341
4099
1528
3391
865
2560
1905
4705
685
1231
3027
3203
4967
2806
4045
2524
817
3812
1517
1757
2497
2249
1996
4223
2110
3204
4399
4765
3405
3760
988
2326
301
3265
578
2178
4599
2464
4737
2616
540
2928
4297
777
4875
1011
1716
849
1488
399
1294
2250
4118
4518
1424
4683
244
2233
3514
2216
4108
2352
156
4441
56
3424
33
4822
3700
2474
4461
3197
378
4138
520
4415
2325
3996
236
2288
710
1191
1660
2760
832
1819
3123
4596
3384
4492
2526
4650
2789
2450
4193
2412
2706
4292
1412
2914
455
2548
94
1211
90
2269
1893
4013
4048
4593
4187
2437
1330
3192
1414
4883
46
4479
4347
225
2034
2700
4246
4906
1971
4879
1894
3728
1837
2468
3164
2714
4598
1003
3995
1411
3923
3696
850
4464
4176
4287
2160
2436
3118
2648
2591
3690
4639
2244
2237
641
2770
3460
1838
1183
4242
4019
210
2773
4729
3860
1709
2758
914
1579
1913
4966
1192
3457
4058
3380
4738
4431
377
3415
3606
1831
864
3722
3266
2332
3288
3010
866
4577
53
3162
1326
4221
2248
2504
306
4676
680
3823
617
4783
941
4094
4610
3152
2392
743
3143
2712
3024
3557
4775
363
2164
201
4134
1947
103
4938
1081
4427
1258
4746
4578
3112
2374
3402
3301
1563
1775
2724
3654
3256
3932
3956
1538
723
85
3386
368
4664
308
1139
3410
2924
3761
4588
4557
4468
1550
2449
4960
4982
1746
3261
4079
3800
4820
2835
1182
2364
1198
4724
4197
3044
2319
1887
4727
2376
3530
1661
1736
3383
3021
3225
317
2428
4927
4421
1377
4263
257
4190
4414
4281
3217
3835
906
3216
848
1845
1369
3938
2361
573
516
2368
3693
365
3365
3672
3786
1447
1636
2644
4770
3262
4449
4218
394
4394
1458
1243
1930
393
833
1615
1549
1109
725
3637
3189
2329
2902
4113
3285
463
1584
3248
4613
4764
3277
3354
816
3222
1855
3688
2406
3859
1135
2351
3141
2726
2918
4064
862
2259
3446
2605
897
2536
2942
2940
3150
1021
1712
4609
3846
4273
921
1323
1264
223
2697
2678
572
3958
128
2219
23
665
658
3865
756
3284
2333
651
1456
1045
2486
4800
473
3210
135
4619
2394
15
4194
4455
2246
4777
3470
3056
608
561
3916
2191
2258
2792
1892
251
1444
4645
4396
2580
4095
913
2056
2596
1111
3420
3546
4792
698
2293
994
3181
2518
2920
361
3966
1889
4002
3382
2720
2405
4514
2890
1591
302
3555
521
2123
406
4320
2908
2802
1105
3472
1849
3632
4007
441
1639
2934
1060
2906
610
2496
3356
3744
3453
3979
2253
237
603
3172
869
3638
1612
2872
624
1853
3742
2694
1790
4309
2854
2692
2823
3549
2044
4160
2385
1557
647
2175
1953
3149
2993
4528
648
3182
532
4028
3300
143
1786
2656
1932
3817
3689
3624
4123
4611
2045
2888
232
93
4680
1863
1728
3910
1618
4835
4036
3525
632
4230
654
369
3513
3868
100
1637
506
2972
2208
1685
2926
2816
2722
4370
1968
1095
2127
3551
3429
851
2390
2746
2686
2243
934
3705
916
3704
774
931
4625
3750
1431
529
3170
1419
4040
2469
948
3972
3998
1247
1922
2988
1751
2824
4798
2736
3858
2229
3084
1675
1556
3710
2592
199
627
4450
1237
2889
172
309
4089
3597
3948
1305
3782
3436
4209
419
3934
2630
2646
1501
3803
4790
3590
2839
1992
863
2965
979
4303
3076
580
4786
673
4330
198
2862
3158
2880
2265
2910
894
2974
1265
1221
3049
3633
888
1753
1209
3148
4142
2387
3798
4288
1654
3484
1150
3120
4944
2521
4815
3674
2126
2728
4505
2439
1313
2846
17
955
2102
3070
1433
2982
1684
3053
3201
451
690
4537
4222
4356
1041
4033
4635
3840
3732
2113
1545
4510
4010
2115
87
2363
1429
2081
1321
3340
3352
3298
4859
3416
3605
1931
1443
1259
2574
3329
1561
395
3787
2884
1434
1263
4663
1341
3838
1739
3613
1009
499
3485
4963
4062
537
3756
2641
3831
3074
2711
3004
4293
4189
2864
591
691
1881
3362
1740
767
4496
3032
3945
4276
1844
3238
2252
1201
2514
2667
1089
4426
4811
4055
1145
3293
293
2203
4327
4442
322
3807
2212
3221
1404
4052
353
3290
783
3796
2270
3194
1392
4332
3185
179
3670
3736
2235
4490
3169
3510
2662
3692
4581
3286
4506
4949
4483
4026
989
3925
391
3876
795
3130
3334
2944
2756
2019
1177
867
3976
3570
3748
3977
870
2927
2542
3000
446
1833
2274
2912
3392
4152
110
3611
1334
991
1102
2976
3469
3012
3104
4980
4191
4283
3473
2904
3134
977
1539
3198
4923
281
2634
1475
224
3789
2626
4965
2470
741
3941
3440
1052
3626
2417
4940
2679
3304
3877
4156
2558
373
234
4234
283
3058
4114
4608
2234
4424
4335
1879
788
2950
4053
3046
804
1299
214
2495
2921
3703
312
811
4159
1029
4363
2943
1470
575
383
3432
2842
2377
2566
3048
4585
3246
2868
3376
4830
4950
2350
3336
1293
4030
2324
4448
748
3738
3926
1619
1125
3038
3228
3464
924
1609
556
3064
1693
1641
1676
4192
4583
3389
1730
323
1272
3396
4711
2964
450
1391
1961
3
2294
1583
4782
4087
4733
83
2980
4526
1322
145
3183
4831
1086
4785
786
4776
922
4914
986
3960
4769
3886
2708
3270
3913
1141
557
1083
829
2853
812
4868
3020
2917
2814
3244
2480
3096
1048
4446
558
3206
4050
331
1704
3400
161
2547
3175
3129
2375
2963
2382
4590
1621
4012
2995
3458
1473
3644
2281
4365
2310
4275
1385
73
596
3537
2262
4802
71
2311
1446
1505
3937
3712
4318
2183
2637
2459
3231
3594
3142
3184
389
4366
1074
3368
3614
3153
4825
4621
1417
4290
2260
623
192
3442
4876
3054
1204
4405
4167
1007
4173
3370
329
4344
2125
3055
4722
491
4458
3159
3313
4696
1073
717
2866
459
1575
4494
4939
3073
2152
4969
2348
4272
1868
2573
4974
387
886
2733
3650
4072
510
1795
4833
3456
4864
1057
2277
2211
2296
2655
3565
3160
1358
3874
4301
4618
951
2279
3985
3648
4005
527
905
779
2500
2743
169
3274
1064
61
4407
3774
4373
3486
1602
715
4863
3145
1780
3489
4787
4022
3475
3568
1078
3316
469
1119
611
3276
3827
75
4853
1297
2342
3445
483
4824
422
2771
3264
4972
1921
1815
2137
3602
2272
3224
3541
2825
1345
4493
3669
4350
3013
4116
1279
3103
2878
3658
255
275
1190
2187
3026
3718
1888
43
1993
2785
643
1747
30
565
3268
971
206
2953
2239
3492
2132
129
1605
3882
4204
4731
892
3717
519
3494
644
175
2530
645
3625
4158
1629
2421
1811
2551
500
297
3428
339
3612
3232
4380
4210
4910
3702
4669
4180
3763
3241
2158
1951
24
4572
3176
803
4778
2457
3090
2031
274
4164
4
3780
1118
839
1108
427
1979
1533
2060
4020
4042
3963
54
2607
2502
2119
392
3234
4730
4001
1544
3554
574
215
1474
1451
3721
3504
1686
2491
2254
3714
4182
4897
3190
4973
1960
3119
334
3553
4575
3332
4386
3667
3302
243
3344
2295
1173
4271
3348
4781
50
4871
2969
4188
4894
4500
3743
947
1975
771
218
1937
3106
3324
332
1055
197
4816
1239
4713
3500
3642
1914
3892
3657
703
3378
4024
1130
3788
164
1337
1296
695
2867
3275
2416
1867
1788
4395
41
4346
2578
1357
3662
3518
3512
4932
3318
1523
3947
1945
4067
1955
3775
1373
1974
4714
842
55
2876
3307
4482
1761
776
4238
3747
47
544
2723
1040
1227
4224
823
2947
2647
3994
3498
762
3946
2633
1963
3292
727
222
3834
1717
4684
609
4548
2719
3935
2812
4254
2133
2983
671
171
417
3740
1541
3784
452
1555
2642
39
3940
1389
692
4463
1346
2087
2261
1143
2088
3309
3040
3828
3136
2503
3151
2899
4806
2805
2017
2475
881
1359
4561
3508
935
3805
229
4203
1032
3524
1061
3603
4953
4866
3673
3973
4633
3269
1806
3263
2121
3095
4339
4104
20
2339
4148
707
1210
2685
1560
3520
4648
2749
3250
1355
2466
2345
3848
3816
1274
1229
1917
595
4638
3267
313
4112
3200
2275
953
1891
1335
3660
3542
3506
2104
855
604
1927
1068
4556
2284
3488
4682
3173
3417
983
4712
2649
4665
4096
1869
4957
3124
2663
4522
697
844
3872
1874
1393
4873
4400
62
3896
3480
4120
1966
4398
1983
503
3822
4954
3990
3776
167
4364
4568
4488
4199
1103
3339
3636
734
3211
1151
2035
84
2373
1376
4554
136
4699
358
2359
4003
1163
4354
4898
3745
531
1006
4124
3802
3608
1380
3584
1233
3930
4709
4029
3953
963
4745
2083
1333
1875
1328
3640
759
4856
2510
3227
3312
4410
3394
1683
2228
1997
4848
3299
4649
509
2400
4586
3849
1901
2617
2731
1459
975
3833
3988
2402
3676
4280
4324
1603
2169
1959
1759
1593
2071
3039
3600
2285
1187
926
1767
3437
655
4128
4389
696
2189
2407
3303
447
2725
4460
4544
838
4489
1036
2487
2357
1129
3855
3331
1659
4282
2062
4122
4545
4671
2572
3083
898
1495
2367
4862
32
4177
194
539
1176
4225
3715
4672
2621
1809
4345
4184
3102
751
4357
4842
288
4227
2089
827
1655
4207
740
4146
4563
4132
2682
4732
1379
3449
2438
4628
4558
2593
2895
2011
1689
3866
1123
4008
856
4697
4865
4961
412
675
108
4084
882
1911
1034
2579
4046
4533
113
3011
51
1935
1610
4922
1508
4948
3936
2023
188
3898
1420
3856
4959
4564
1342
1543
2042
1469
4710
3911
2973
1107
3132
4695
3974
1733
486
2531
2784
1967
2093
3031
674
563
1690
3888
2516
3983
2636
1703
2197
4915
3154
3768
3257
4900
1324
487
1115
191
4076
3968
2590
937
3282
719
2851
1773
3166
115
1511
901
4629
3155
1876
551
1093
4110
630
3345
476
2147
2157
505
294
4543
2322
4269
1745
4268
3243
4430
3350
4141
290
837
581
4600
4926
407
3820
2859
4852
4340
701
163
1449
4634
2815
3371
2601
3455
4530
1019
1452
4101
3906
1371
3903
1441
2218
3980
415
4262
3308
4480
4485
421
4646
1755
1166
3895
92
59
1454
4170
2076
4928
1883
2473
1423
4088
2029
2931
3413
4504
4149
185
403
4196
945
335
449
1711
2857
3836
4703
4277
2951
2471
298
4208
2666
4388
3393
4086
3088
3131
2264
4700
525
4241
2300
3904
2278
1245
868
2227
1445
409
4011
4432
37
1827
761
79
342
265
1179
1515
1750
2303
1752
4516
909
1585
2230
3451
2978
3519
3082
1219
1793
1047
3887
3483
2768
2541
4334
899
3133
1731
4937
2915
367
315
4097
4836
2848
4186
3596
1547
2485
4801
213
2267
4083
2537
4423
3900
3320
1643
3412
895
4402
3992
350
4071
4996
4773
4032
2615
116
3297
4082
1427
3607
3879
3843
4472
4437
733
3942
2091
1236
165
4627
4362
3569
2201
4256
4726
1498
2595
3845
511
2721
2117
2744
4560
4387
4804
2891
2431
3572
4037
2985
1275
4881
2389
3829
1823
3247
2575
4451
4574
3610
4708
2425
1375
252
4542
1348
443
1292
2549
150
4375
4068
2409
1148
4962
3526
809
4550
4552
4314
1737
3425
2787
1018
3791
3970
4404
3395
303
3538
1387
2290
2159
112
4172
4136
4532
4622
67
3125
3215
3208
2335
4027
1065
3287
3067
2046
2911
2627
1099
1991
4734
1830
411
4385
1553
974
4056
3961
159
3079
4793
4720
2207
4540
4403
3029
2817
950
4144
4250
2153
3171
4756
4886
2585
384
2603
1280
2205
3059
4368
2010
1487
3100
3315
1909
379
2198
1059
2435
4934
1779
4744
2569
3875
2776
311
3017
3033
1799
755
3338
1481
126
279
4323
4336
2021
4294
4817
3397
1836
1803
3433
915
1287
4220
3098
4860
1023
3443
3001
4990
806
1995
1088
4206
2054
2107
3305
1137
4675
2075
4381
1311
2291
535
3364
3539
1768
3547
3770
105
2028
4300
3730
4536
3808
683
2954
1973
1794
4936
3322
1729
1336
4768
4837
4810
4232
4942
2577
4413
1598
4168
1797
1847
3952
4780
4153
2907
2696
2763
3279
205
4214
1987
1273
2247
146
1651
3894
887
2328
4589
2936
77
3806
907
4322
123
2589
2483
1870
2001
4690
3323
2024
1787
3273
2015
4004
1477
3258
939
1094
4422
705
4547
1372
439
2006
2299
4165
1121
4652
2827
414
4912
3330
4660
746
1633
1349
4760
1673
2025
1588
4576
861
4069
1174
1743
2970
1149
2885
4217
3954
1235
2523
2539
3495
4678
504
4216
1386
567
3097
2799
4481
2861
1101
2315
1476
3291
3071
1699
820
713
958
1251
3999
3951
3496
667
4592
2673
133
2683
3254
4826
2620
3751
1566
3411
2838
4752
4408
1587
1890
547
3617
4791
2840
4846
1315
2693
4412
4047
3621
4077
4231
1467
3783
1271
4654
3651
3967
2955
1189
3035
4884
4484
846
2399
1112
57
1138
4147
1674
769
3585
663
2398
3179
1994
3627
1478
3949
338
1383
1720
1079
2478
2587
1075
4691
2410
3135
2669
4718
3616
3499
121
1167
3685
4918
4896
1765
440
307
3023
4594
1437
1295
3245
3385
2676
4302
2146
1289
3373
599
1841
3851
4433
1339
1169
2217
880
3219
3575
4978
684
1611
4659
3975
2393
3655
815
4418
1494
4832
3117
3969
3922
4438
662
1949
1044
4360
472
3931
4000
635
4420
699
2813
19
2199
3003
1714
2691
1624
249
736
859
840
585
429
831
1367
3939
1164
139
3180
4637
2797
91
3929
4998
2897
4331
4175
2793
4374
2463
1352
997
3050
1067
2705
4941
1916
4736
2975
1471
4016
3115
1638
4155
3897
3111
118
2945
3978
2611
1970
3289
4181
1807
3832
3583
885
3819
949
4624
3797
2163
4130
4205
1301
3675
3156
3327
1489
4882
189
3815
3230
987
1783
125
3891
3619
3015
3045
598
4091
4245
4525
1776
1903
4236
4185
965
299
1669
4749
1354
2403
269
2703
3862
4508
2058
2341
4767
2003
3052
1087
4304
3579
3558
1941
4251
2855
1180
3167
4081
5000
4658
2501
952
239
3497
2215
3018
2699
3772
3873
4295
2883
497
4471
4006
371
3093
4869
1457
2687
3560
4383
4258
203
1825
1319
1248
1595
3434
2999
1069
4916
1972
4701
4656
131
3759
1277
2427
4872
432
1723
5
3679
3193
621
3235
875
2791
1817
4968
4686
479
1331
4905
4984
3249
589
63
4784
4677
2383
1698
2619
923
3521
3639
1435
3280
4693
818
4828
2522
4632
1857
2751
4195
843
400
3107
1212
2841
1734
4636
1037
3965
1120
1691
4154
929
1066
583
3533
4917
3771
4840
3342
1957
2997
4519
2317
2741
259
4920
4688
1241
4606
607
4829
1631
241
1307
2568
4179
2631
1395
52
4143
4377
1851
3912
1933
4352
4870
4861
3335
3278
3387
2066
625
2810
3191
2933
2155
1502
4880
3854
4616
2882
3907
2148
231
3752
4612
3212
4805
1873
543
1403
1763
932
4539
2204
343
1242
4031
3844
3543
1784
2195
4274
1283
4465
4766
942
4601
2998
4614
3566
3161
4977
1043
3196
235
1374
3419
3259
4956
3094
1535
3220
1185
86
2939
1316
3127
1033
2251
1181
1653
1408
355
282
1897
2849
2139
1159
2193
4759
4983
1154
1303
4993
4255
291
385
4436
1635
2302
4289
4212
4774
4487
4429
4653
219
318
4794
1821
1835
2415
2069
3884
1571
857
2905
612
3091
1754
4247
2609
2027
2778
2775
3928
2059
2777
2717
1854
2675
2209
2111
3754
4874
3515
2423
3809
3563
3943
3367
3377
1255
4379
2657
2623
4742
3915
2735
211
1147
3005
3989
4661
1707
109
3577
3905
27
18
3581
2517
1347
659
4475
4215
579
912
3407
1215
2635
4623
3881
4416
1519
2084
571
4397
4762
2820
1985
889
1291
3901
3753
4763
2923
2318
2109
3006
4063
2796
4878
1581
4992
2916
1017
4812
3447
4456
1785
3535
4988
4454
2509
1269
2347
3545
3311
4174
2643
1450
3595
2925
4367
157
4491
2452
1771
3369
4725
2301
1503
4140
4447
3346
187
3126
1353
4313
1679
1521
195
2800
2171
3918
1715
2670
4595
546
4393
3957
35
523
1085
3168
1727
3576
1513
2112
4779
2695
89
437
3207
1439
1257
1601
2395
3007
847
2525
615
4741
2369
4755
1899
3255
1843
4796
4127
1226
321
1656
2371
3944
775
4813
4299
1572
4445
619
587
4257
4317
1627
2515
347
2967
2561
1267
493
4597
2790
1719
1049
2411
992
3899
927
4049
1777
3635
2582
3997
4358
819
2576
1405
3837
1859
1460
2543
768
2283
1455
1317
1791
1499
787
507
2583
2795
1054
4747
2788
1999
4964
2843
3080
1483
841
799
3799
2935
2562
4267
4233
2979
4716
4459
1906
4443
3493
4681
2604
4904
1195
2051
2384
1027
3914
1907
1818
11
1915
4009
2629
4571
826
1249
3034
2987
4706
1063
4698
2875
4073
2507
626
747
4761
267
2154
4976
151
2381
2493
3051
3068
2221
2190
2151
2041
801
2200
3531
4467
1425
1281
1599
3087
3359
893
3467
4740
3037
4719
2007
193
3347
4237
1363
1306
4651
4166
471
9
3653
58
3883
3792
4495
810
3251
2527
1665
594
4531
661
359
1662
3403
3924
2313
1002
4907
883
555
1298
3647
2713
3517
3723
731
494
4161
3671
1131
515
2571
1774
4995
4715
2129
3435
2671
3955
1461
3646
3019
