==== DATA STRUCTURES LAB 4: SORT OUTPUT ====
ALGORITHM: qsort_median3_stop12
INPUT FILE: 50_rand.txt
comparisons=462
exchanges=138
============================================
---- INPUT (full echo) ----
15
6
4
10
14
26
12
16
34
9
25
7
37
42
2
20
18
24
22
28
19
23
17
41
29
40
49
30
5
32
8
36
46
44
27
3
38
43
33
48
11
1
13
47
39
21
50
35
45
31
---- SORTED DATA ----
1
2
3
4
5
6
7
8
9
10
11
12
13
14
15
16
17
18
19
20
21
22
23
24
25
26
27
28
29
30
31
32
33
34
35
36
37
38
39
40
41
42
43
44
45
46
47
48
49
50
